1.19193	15.7646	0.741956	-7.18899	0.087062	1.59821	-0.0803479	
1.1886	15.7718	0.741471	-7.17489	0.0858906	1.60343	-0.0804808	
1.18535	15.7782	0.740302	-7.16111	0.0842505	1.60874	-0.0806462	
1.18211	15.7846	0.740075	-7.14744	0.0830853	1.61393	-0.0807739	
1.17892	15.791	0.739806	-7.13382	0.0819071	1.61913	-0.0809041	
1.17571	15.7972	0.73947	-7.12034	0.0807251	1.62427	-0.0810378	
1.17251	15.8036	0.739216	-7.10685	0.0795655	1.6294	-0.0811649	
1.16933	15.81	0.738947	-7.09338	0.0783918	1.63453	-0.0812932	
1.1662	15.8162	0.738576	-7.08003	0.0772004	1.63963	-0.0814231	
1.16294	15.8225	0.738236	-7.0667	0.0760201	1.64469	-0.0815534	
1.15989	15.8287	0.737922	-7.05342	0.0748373	1.64978	-0.0816698	
1.15672	15.8348	0.737787	-7.04029	0.0737418	1.65478	-0.0818029	
1.1538	15.8405	0.737662	-7.02736	0.072655	1.65982	-0.0819256	
1.2351	15.8474	0.737441	-7.01401	0.0711821	1.66377	-0.060764	
1.20196	15.8559	0.735727	-6.99624	0.138702	1.91669	-0.0464966	
1.18047	15.8728	0.734138	-6.96744	0.203838	1.84649	-0.0415429	
1.16765	15.8844	0.736657	-6.9385	0.246555	1.79854	-0.0354853	
1.15978	15.8939	0.740441	-6.90984	0.273338	1.76641	-0.0299301	
1.15433	15.8987	0.74313	-6.88304	0.288943	1.7454	-0.0254277	
1.15076	15.9083	0.749266	-6.85509	0.297973	1.7325	-0.0219474	
1.14797	15.9134	0.749563	-6.83012	0.300348	1.72516	-0.0197309	
1.14568	15.9213	0.753318	-6.80542	0.30069	1.72164	-0.0182901	
1.1436	15.9294	0.753677	-6.78205	0.297988	1.72091	-0.0175951	
1.14159	15.9372	0.753284	-6.76012	0.293977	1.72201	-0.0174077	
1.13959	15.945	0.752806	-6.73946	0.289424	1.72433	-0.0175535	
1.13762	15.9529	0.751978	-6.71994	0.284595	1.72749	-0.0179319	
1.13559	15.9607	0.750772	-6.70159	0.279686	1.73119	-0.0184763	
1.13351	15.9682	0.749357	-6.68433	0.274906	1.73521	-0.0190975	
1.13131	15.9756	0.747995	-6.66792	0.27043	1.73941	-0.0197487	
1.12906	15.9817	0.746439	-6.65269	0.266188	1.74371	-0.0204006	
1.12695	15.9902	0.746328	-6.63736	0.262683	1.7481	-0.0210074	
1.12467	15.9968	0.743556	-6.62336	0.258627	1.75247	-0.0216806	
1.12246	16.0034	0.742362	-6.60988	0.255359	1.75682	-0.0222716	
1.12017	16.0097	0.741259	-6.59699	0.252423	1.76108	-0.0228302	
1.11788	16.0159	0.74019	-6.58448	0.249707	1.76533	-0.0233493	
1.11557	16.022	0.739216	-6.57239	0.247233	1.76952	-0.0238371	
1.11326	16.028	0.738281	-6.56067	0.244953	1.77365	-0.0242955	
1.11095	16.0339	0.737382	-6.54927	0.242857	1.77774	-0.0247219	
1.10865	16.0396	0.736575	-6.53817	0.240931	1.78179	-0.0251272	
1.10637	16.0451	0.735892	-6.52741	0.239183	1.78576	-0.0255117	
1.10403	16.0509	0.735287	-6.51669	0.237553	1.78968	-0.0258647	
1.10175	16.0566	0.734361	-6.50612	0.23588	1.79364	-0.0262119	
1.09974	16.0624	0.745346	-6.50195	0.230108	1.27591	-2.12638	
1.09686	16.1152	0.931468	-6.43989	0.586147	0.826394	-1.86609	
1.09683	16.223	1.06101	-4.2819	8.87502	0.43948	-1.60141	
1.1088	16.5895	1.87718	-3.07678	5.15619	0.0488343	-1.51054	
1.12672	16.9652	2.09094	-2.32181	3.1492	-0.257126	-1.22954	
1.14272	17.3134	2.01366	-1.83086	2.01052	-0.490148	-0.955718	
1.15156	13.238	-15.5365	-1.57335	1.28546	-0.665382	-0.730459	
1.15476	9.98843	-12.4666	-1.46271	0.533369	-0.790144	-0.553086	
1.15456	7.37778	-9.9214	-1.41483	0.190197	-0.88361	-0.408752	
1.1496	5.29272	-7.84219	-1.39956	0.0359877	-0.954853	-0.296845	
1.1419	3.63732	-6.15822	-1.398	-0.0256335	-1.0086	-0.211142	
1.13271	2.32766	-4.80391	-1.4029	-0.040592	-1.04933	-0.145989	
1.12288	1.29411	-3.72106	-1.41026	-0.0324443	-1.08017	-0.0966134	
1.11321	0.480901	-2.85788	-1.41776	-0.013547	-1.10347	-0.0592152	
1.10385	-0.157902	-2.17295	-1.42447	0.00919804	-1.12105	-0.0309218	
1.09521	-0.658857	-1.63035	-1.42992	0.0321673	-1.1342	-0.00952302	
1.08733	-1.05083	-1.20119	-1.43403	0.0538665	-1.144	0.00668831	
1.08025	-1.35722	-0.862452	-1.43687	0.0732515	-1.15124	0.0189597	
1.07392	-1.59632	-0.59519	-1.43853	0.0901624	-1.1565	0.0282614	
1.06825	-1.78179	-0.384449	-1.439	0.104592	-1.16027	0.0353119	
1.06316	-1.92594	-0.219021	-1.43863	0.116603	-1.16287	0.040674	
1.05873	-2.03705	-0.0883092	-1.43733	0.126671	-1.16456	0.0447558	
1.05472	-2.12284	0.0143049	-1.43559	0.134886	-1.16562	0.0478389	
1.05109	-2.18824	0.0952548	-1.43321	0.141638	-1.16617	0.0501996	
1.0478	-2.23796	0.158908	-1.43037	0.147071	-1.1663	0.052	
1.04478	-2.2751	0.209079	-1.4271	0.151435	-1.16614	0.0533789	
1.04201	-2.30254	0.248542	-1.4235	0.154863	-1.16571	0.0544324	
1.03942	-2.32249	0.279676	-1.41972	0.157573	-1.16513	0.055234	
1.03703	-2.3364	0.30446	-1.41572	0.159754	-1.16442	0.0558562	
1.03472	-2.34556	0.324018	-1.41158	0.161413	-1.16363	0.056328	
1.03254	-2.35105	0.339522	-1.40719	0.162677	-1.1627	0.0567047	
1.03044	-2.35366	0.35194	-1.40273	0.163575	-1.16173	0.0569757	
1.02847	-2.35388	0.361954	-1.39813	0.164257	-1.1607	0.0571915	
1.02653	-2.35257	0.369863	-1.39359	0.164699	-1.15966	0.0573452	
1.02465	-2.34967	0.376549	-1.3889	0.165051	-1.15857	0.0574677	
1.02276	-2.34595	0.381882	-1.38424	0.165221	-1.15748	0.057552	
1.02104	-2.34066	0.386634	-1.3793	0.165353	-1.15633	0.0576304	
1.01927	-2.33519	0.390075	-1.37454	0.165224	-1.15518	0.05765	
1.01755	-2.32905	0.393341	-1.36968	0.16514	-1.15402	0.0576709	
1.01585	-2.32243	0.396096	-1.36479	0.164981	-1.15286	0.0576735	
1.01419	-2.31561	0.398532	-1.35993	0.164764	-1.15168	0.0576616	
1.01253	-2.30832	0.400845	-1.35494	0.164588	-1.1505	0.0576462	
1.01091	-2.30091	0.40272	-1.35002	0.164263	-1.1493	0.0576103	
1.00932	-2.29325	0.404665	-1.3451	0.164019	-1.14812	0.0575759	
1.00771	-2.28543	0.406484	-1.3401	0.163748	-1.14692	0.0575302	
1.00618	-2.27749	0.408163	-1.33512	0.163404	-1.14571	0.0574681	
1.0046	-2.2694	0.409784	-1.33014	0.163098	-1.1445	0.0574103	
1.00307	-2.26127	0.411377	-1.32511	0.162753	-1.14328	0.0573399	
1.00136	-2.25161	0.412763	-1.31954	0.162267	-1.14205	0.0572654	
1.0001	-2.24455	0.413217	-1.31491	0.161571	-1.14069	0.0571577	
0.998629	-2.23689	0.416334	-1.31028	0.161855	-1.13965	0.0570902	
0.997147	-2.2278	0.418355	-1.30502	0.161626	-1.13843	0.0569989	
0.995673	-2.21885	0.419345	-1.2998	0.161039	-1.13716	0.0568831	
0.994229	-2.21012	0.420504	-1.29468	0.160532	-1.13591	0.0567687	
0.992828	-2.20147	0.422117	-1.2896	0.160178	-1.13466	0.0566532	
0.991399	-2.19285	0.423758	-1.28456	0.15984	-1.13343	0.0565318	
0.98998	-2.1839	0.425466	-1.27936	0.159488	-1.13218	0.0564065	
0.988621	-2.17501	0.427002	-1.27421	0.159074	-1.13091	0.056274	
0.987296	-2.16608	0.428764	-1.2691	0.15877	-1.12967	0.0561329	
0.985922	-2.15678	0.430389	-1.26386	0.158369	-1.12844	0.0559867	
0.984588	-2.14793	0.431794	-1.25878	0.157893	-1.12715	0.0558247	
0.983268	-2.13883	0.43382	-1.25361	0.157657	-1.12591	0.0556817	
0.981968	-2.12919	0.435535	-1.24825	0.157273	-1.12463	0.0555264	
0.980662	-2.12022	0.436885	-1.24312	0.15676	-1.12335	0.0553458	
0.979364	-2.11079	0.438898	-1.23786	0.156461	-1.1221	0.0551755	
0.978128	-2.10132	0.440695	-1.23257	0.156085	-1.12081	0.0549987	
0.976881	-2.09178	0.442445	-1.22728	0.155687	-1.11954	0.0548204	
0.973585	-2.09299	0.435745	-1.23637	0.0910496	-1.3732	0.0527986	
0.974337	-2.32888	0.427793	-1.31163	0.0553717	-1.31585	0.0538063	
0.958264	-2.03571	0.648097	-1.20427	0.0820806	-1.27633	0.0582739	
0.951229	-2.03527	0.350116	-1.19144	-0.0505408	-1.2229	0.0542987	
0.944101	-2.03978	0.361027	-1.18396	-0.069108	-1.19473	0.0552184	
0.937422	-2.04068	0.370276	-1.17552	-0.0841623	-1.1726	0.0559604	
0.93137	-2.03939	0.378224	-1.16681	-0.0963616	-1.15515	0.0565389	
0.925997	-2.03626	0.385395	-1.15808	-0.106175	-1.14135	0.0569807	
0.921241	-2.03216	0.391686	-1.14967	-0.114143	-1.13037	0.0572968	
0.917067	-2.02678	0.397664	-1.14146	-0.120533	-1.12157	0.0575218	
0.913401	-2.02091	0.402866	-1.13365	-0.125823	-1.11446	0.057653	
0.910165	-2.01393	0.407883	-1.12601	-0.130125	-1.10864	0.0577165	
0.907319	-2.00741	0.41212	-1.11901	-0.13378	-1.10382	0.0577101	
0.904769	-1.9997	0.417063	-1.112	-0.136569	-1.09979	0.0576799	
0.902477	-1.99151	0.420921	-1.10517	-0.139184	-1.09633	0.0575877	
0.900421	-1.98323	0.424472	-1.09864	-0.141465	-1.09331	0.0574599	
0.898488	-1.97485	0.428083	-1.09228	-0.14338	-1.09067	0.0573121	
0.896677	-1.96608	0.431614	-1.08598	-0.145091	-1.08827	0.0571356	
0.895057	-1.95712	0.435082	-1.07979	-0.146599	-1.08607	0.0569438	
0.893515	-1.94802	0.438417	-1.07371	-0.147974	-1.08407	0.0567349	
0.892032	-1.93894	0.44162	-1.06772	-0.149251	-1.08214	0.0565215	
0.890631	-1.92892	0.444995	-1.06155	-0.15041	-1.08033	0.0562684	
0.889273	-1.91976	0.447562	-1.05571	-0.151699	-1.07857	0.0560178	
0.887959	-1.91025	0.451105	-1.04982	-0.152615	-1.07689	0.0557675	
0.886673	-1.90055	0.454419	-1.04389	-0.153562	-1.07524	0.0555053	
0.885431	-1.89049	0.45761	-1.03792	-0.154507	-1.0736	0.0552343	
0.884256	-1.88006	0.460672	-1.0318	-0.155471	-1.07198	0.0549531	
0.883059	-1.87007	0.463319	-1.02594	-0.156519	-1.07038	0.054654	
0.881897	-1.85974	0.466564	-1.01993	-0.157321	-1.0688	0.0543701	
0.880748	-1.84956	0.469564	-1.01399	-0.158191	-1.06723	0.0540725	
0.879632	-1.83898	0.472842	-1.00796	-0.15896	-1.06566	0.0537718	
0.878501	-1.82838	0.475878	-1.0019	-0.15979	-1.06408	0.0534617	
0.87743	-1.81761	0.478969	-0.995806	-0.160584	-1.0625	0.0531485	
0.876324	-1.80684	0.481982	-0.98971	-0.161385	-1.06096	0.0528287	
0.875289	-1.79582	0.485051	-0.983508	-0.162122	-1.05932	0.0525422	
0.874245	-1.78486	0.488113	-0.977412	-0.162875	-1.05776	0.0521707	
0.873184	-1.77401	0.491227	-0.971297	-0.163574	-1.05619	0.0518319	
0.872148	-1.76265	0.49454	-0.965018	-0.164208	-1.0546	0.0515008	
0.871109	-1.75108	0.497562	-0.958671	-0.164928	-1.053	0.0511613	
0.870109	-1.73962	0.500409	-0.952369	-0.165671	-1.05138	0.0508131	
0.869111	-1.72811	0.503507	-0.946043	-0.166311	-1.04978	0.0504671	
0.868139	-1.71595	0.506613	-0.93954	-0.166941	-1.04817	0.0501143	
0.867134	-1.70484	0.509212	-0.933344	-0.167673	-1.04655	0.0497511	
0.866157	-1.69287	0.512894	-0.926867	-0.16808	-1.04493	0.0494011	
0.865218	-1.68069	0.515964	-0.920326	-0.168659	-1.0433	0.0490326	
0.864255	-1.66881	0.51881	-0.913897	-0.169263	-1.04167	0.0486607	
0.863303	-1.65827	0.522083	-0.90785	-0.169684	-1.04004	0.0482956	
0.862379	-1.64386	0.526828	-0.900602	-0.169735	-1.03841	0.0479257	
0.861482	-1.63185	0.527868	-0.894152	-0.170812	-1.03671	0.0475332	
0.860589	-1.62013	0.53134	-0.887751	-0.1711	-1.03512	0.0471458	
0.859593	-1.60614	0.535107	-0.880625	-0.17139	-1.03344	0.046804	
0.858684	-1.59214	0.53673	-0.873449	-0.172298	-1.03167	0.0463753	
0.857792	-1.58061	0.538562	-0.867063	-0.173025	-1.02994	0.0459769	
0.856909	-1.56808	0.542868	-0.860398	-0.172962	-1.0283	0.0455948	
0.856014	-1.55565	0.546301	-0.853727	-0.173159	-1.02663	0.0451993	
0.855137	-1.54161	0.549903	-0.846531	-0.173326	-1.02493	0.0448006	
0.854284	-1.52793	0.551945	-0.839482	-0.173931	-1.02318	0.0443931	
0.853389	-1.51494	0.554495	-0.832605	-0.174328	-1.02145	0.0439854	
0.852517	-1.5016	0.55773	-0.825609	-0.1745	-1.01972	0.0435826	
0.851671	-1.4881	0.560819	-0.818559	-0.17468	-1.01797	0.0431756	
0.850794	-1.47429	0.563752	-0.811397	-0.174895	-1.01622	0.0427583	
0.849948	-1.46037	0.566466	-0.804173	-0.175155	-1.01443	0.042344	
0.849119	-1.44656	0.56918	-0.797035	-0.175349	-1.01267	0.0419261	
0.848237	-1.43235	0.572059	-0.78969	-0.17549	-1.01091	0.0415235	
0.847374	-1.41732	0.574492	-0.782088	-0.175792	-1.00907	0.0411035	
0.846564	-1.4046	0.576367	-0.775186	-0.176114	-1.00722	0.0406779	
0.845693	-1.38931	0.580504	-0.767522	-0.175808	-1.00547	0.0402642	
0.844891	-1.37591	0.582185	-0.760352	-0.176139	-1.0036	0.0398377	
0.844068	-1.36122	0.585787	-0.752842	-0.175924	-1.0018	0.0394126	
0.843221	-1.3464	0.588166	-0.745247	-0.176033	-0.999945	0.0389815	
0.842405	-1.33175	0.590533	-0.737659	-0.176129	-0.998066	0.0385577	
0.841595	-1.31696	0.593026	-0.730068	-0.176122	-0.996203	0.0381301	
0.840719	-1.302	0.595444	-0.722345	-0.176128	-0.99431	0.03771	
0.840099	-1.28655	0.597939	-0.714598	-0.176054	-0.992394	0.0372618	
0.838906	-1.27279	0.599478	-0.707082	-0.176211	-0.990596	0.0368446	
0.838298	-1.25668	0.603068	-0.698877	-0.175977	-0.988461	0.036411	
0.837451	-1.24175	0.604689	-0.691237	-0.17595	-0.986641	0.0359862	
0.83663	-1.22633	0.606987	-0.683282	-0.175858	-0.984685	0.0355464	
0.835809	-1.21101	0.609029	-0.675361	-0.175779	-0.982724	0.0351238	
0.834961	-1.19561	0.611167	-0.667354	-0.175657	-0.980735	0.0346938	
0.834149	-1.18009	0.613279	-0.659302	-0.175527	-0.978735	0.0342498	
0.833326	-1.16453	0.615328	-0.651244	-0.175358	-0.97674	0.0338244	
0.832501	-1.14887	0.617337	-0.643116	-0.175178	-0.974722	0.0333947	
0.8317	-1.13338	0.619284	-0.635012	-0.174981	-0.972693	0.0329637	
0.830846	-1.11758	0.621268	-0.626772	-0.174743	-0.97066	0.0325389	
0.830032	-1.10215	0.623023	-0.618661	-0.174556	-0.968588	0.0321101	
0.82918	-1.08565	0.625244	-0.610137	-0.174206	-0.966531	0.031682	
0.828363	-1.06989	0.626306	-0.601833	-0.174195	-0.964415	0.0312547	
0.827538	-1.05484	0.628175	-0.593732	-0.173863	-0.962316	0.0308344	
0.826709	-1.03817	0.630654	-0.585131	-0.173356	-0.960222	0.0304005	
0.825866	-1.0221	0.631569	-0.576647	-0.17327	-0.95809	0.0299757	
0.825037	-1.00602	0.632978	-0.56813	-0.173037	-0.955931	0.0295569	
0.824201	-0.989959	0.63448	-0.559603	-0.172742	-0.953771	0.0291409	
0.823363	-0.973978	0.635861	-0.551085	-0.172433	-0.951591	0.0287215	
0.822532	-0.957667	0.637419	-0.542424	-0.172069	-0.94941	0.0283029	
0.821669	-0.941874	0.638524	-0.533889	-0.171799	-0.947199	0.0278859	
0.820854	-0.925305	0.640198	-0.52511	-0.171365	-0.944983	0.0274738	
0.820014	-0.90971	0.641032	-0.516566	-0.171092	-0.942733	0.0270677	
0.819157	-0.893435	0.642727	-0.507791	-0.170615	-0.940508	0.0266344	
0.818299	-0.877395	0.643702	-0.499069	-0.170301	-0.938235	0.0262365	
0.817452	-0.861545	0.644992	-0.490345	-0.169873	-0.935953	0.0258347	
0.816596	-0.845204	0.646369	-0.481477	-0.16941	-0.933663	0.0254313	
0.81578	-0.828702	0.647232	-0.472542	-0.169064	-0.93136	0.0250284	
0.814929	-0.812334	0.647852	-0.463615	-0.168759	-0.92903	0.0246375	
0.814092	-0.796713	0.648525	-0.454854	-0.168422	-0.926692	0.024227	
0.813061	-0.782385	0.649708	-0.446364	-0.167933	-0.924355	0.0238343	
0.812372	-0.763909	0.65246	-0.436711	-0.167062	-0.921943	0.0234477	
0.811505	-0.748159	0.651025	-0.427906	-0.167213	-0.919575	0.0230595	
0.810646	-0.732157	0.651892	-0.418932	-0.16677	-0.917173	0.0226599	
0.809794	-0.716188	0.652689	-0.409929	-0.16632	-0.914765	0.0222751	
0.80893	-0.700253	0.653397	-0.400905	-0.16588	-0.912348	0.0218936	
0.807993	-0.685257	0.653968	-0.39205	-0.165493	-0.909894	0.0215219	
0.807226	-0.66827	0.655507	-0.382673	-0.164822	-0.907403	0.0211376	
0.806361	-0.652819	0.655025	-0.373767	-0.164619	-0.904975	0.0207684	
0.8055	-0.637008	0.655805	-0.364678	-0.164114	-0.90249	0.0203936	
0.804642	-0.621026	0.656309	-0.355504	-0.163679	-0.900006	0.0200261	
0.803776	-0.605675	0.656496	-0.346484	-0.163299	-0.897488	0.0196747	
0.802935	-0.590201	0.657221	-0.337393	-0.162774	-0.894952	0.0193139	
0.802067	-0.574541	0.657736	-0.328217	-0.162307	-0.89241	0.0189431	
0.801175	-0.559072	0.657938	-0.319078	-0.161935	-0.889859	0.0185725	
0.800356	-0.543621	0.658312	-0.30992	-0.161478	-0.887267	0.0182312	
0.799499	-0.528318	0.658589	-0.300803	-0.161031	-0.884708	0.0178803	
0.798641	-0.513414	0.658847	-0.291737	-0.160595	-0.882118	0.0175229	
0.797798	-0.497916	0.659464	-0.282511	-0.160058	-0.879531	0.0171854	
0.796951	-0.482819	0.659364	-0.273377	-0.159695	-0.876912	0.0168584	
0.796092	-0.467689	0.659542	-0.264198	-0.159271	-0.874287	0.016521	
0.795262	-0.453977	0.659613	-0.255366	-0.158827	-0.871619	0.0161878	
0.794395	-0.438157	0.660962	-0.245965	-0.158121	-0.869059	0.0158345	
0.793576	-0.421691	0.660151	-0.23639	-0.157968	-0.866345	0.0155591	
0.792756	-0.408674	0.658586	-0.22771	-0.157912	-0.86361	0.0152375	
0.791922	-0.394028	0.660272	-0.218569	-0.157062	-0.860977	0.0148762	
0.791079	-0.379591	0.660233	-0.209461	-0.156671	-0.858278	0.0145616	
0.790265	-0.365255	0.660341	-0.200381	-0.156227	-0.85557	0.0142491	
0.789437	-0.350739	0.660408	-0.191215	-0.155793	-0.852865	0.013941	
0.788596	-0.336413	0.660159	-0.182077	-0.155472	-0.850128	0.0136349	
0.78783	-0.321459	0.660065	-0.172791	-0.155096	-0.847381	0.0133268	
0.786994	-0.309012	0.659139	-0.164167	-0.154866	-0.844653	0.0130372	
0.786197	-0.293461	0.660594	-0.154665	-0.154121	-0.841926	0.0127346	
0.78537	-0.281825	0.658848	-0.146186	-0.154113	-0.839117	0.0124665	
0.784588	-0.267569	0.660898	-0.137003	-0.153194	-0.836359	0.0121513	
0.783779	-0.254482	0.660239	-0.128136	-0.152952	-0.833593	0.0118531	
0.782989	-0.240941	0.660592	-0.119129	-0.152454	-0.830811	0.0115865	
0.782217	-0.227494	0.660414	-0.110148	-0.152089	-0.827997	0.0113215	
0.781438	-0.214201	0.660191	-0.10119	-0.151742	-0.825192	0.0110276	
0.78066	-0.200661	0.659962	-0.0921702	-0.151415	-0.822394	0.0107579	
0.779907	-0.188491	0.659407	-0.0834821	-0.151138	-0.819536	0.0104938	
0.779139	-0.175352	0.660071	-0.0745563	-0.150562	-0.816746	0.0102181	
0.778351	-0.163585	0.659599	-0.065939	-0.150297	-0.8139	0.00995659	
0.777642	-0.150073	0.660484	-0.0569076	-0.149699	-0.811052	0.00969994	
0.776903	-0.137684	0.659485	-0.0481768	-0.149529	-0.808222	0.00943932	
0.776173	-0.125176	0.659404	-0.0393895	-0.149168	-0.805367	0.00918803	
0.775434	-0.113219	0.659113	-0.0307305	-0.148858	-0.802512	0.00893847	
0.774714	-0.101014	0.659237	-0.022003	-0.148457	-0.79965	0.00869507	
0.774004	-0.0890132	0.659011	-0.0133365	-0.14814	-0.796785	0.00845178	
0.773295	-0.0772202	0.658866	-0.00472273	-0.147801	-0.793903	0.00821789	
0.772595	-0.0655429	0.658783	0.00388088	-0.147461	-0.79102	0.00797393	
0.771899	-0.0538314	0.658707	0.0124866	-0.147131	-0.788139	0.00773618	
0.77121	-0.0426563	0.658461	0.0209489	-0.146838	-0.785252	0.00750995	
0.770517	-0.030283	0.658616	0.0297288	-0.146472	-0.782364	0.00727625	
0.769756	-0.026417	0.657365	0.0363986	-0.146361	-0.779427	0.00706515	
0.769211	-0.00773921	0.66473	0.0467595	-0.144289	-0.776579	0.00682537	
0.768555	0.00265439	0.65721	0.054918	-0.145793	-0.773655	0.00661467	
0.767897	0.013519	0.657516	0.0633018	-0.145386	-0.77075	0.00639716	
0.767261	0.0240015	0.657381	0.0715682	-0.14509	-0.767839	0.0061931	
0.766626	0.0344691	0.657495	0.0798382	-0.144737	-0.764923	0.0059865	
0.765988	0.0445158	0.657493	0.0880122	-0.144423	-0.76201	0.00577642	
0.76547	0.0631161	0.657917	0.098158	-0.144086	-0.759179	0.00556925	
0.764743	0.0626019	0.649417	0.103765	-0.145662	-0.756105	0.00546223	
0.764142	0.0732434	0.659827	0.112185	-0.14295	-0.75324	0.00515052	
0.763559	0.0837428	0.659332	0.120409	-0.142798	-0.750318	0.00496623	
0.762979	0.0937252	0.658744	0.128527	-0.142661	-0.747386	0.00478014	
0.762407	0.103739	0.658524	0.13662	-0.142441	-0.744462	0.00458901	
0.76183	0.112981	0.658139	0.144536	-0.142266	-0.741537	0.00440808	
0.761267	0.123266	0.658419	0.152701	-0.141955	-0.738621	0.00422798	
0.760725	0.132386	0.657551	0.160568	-0.141896	-0.735675	0.00407046	
0.760179	0.141171	0.657703	0.168339	-0.141601	-0.73273	0.00388832	
0.759664	0.14999	0.658097	0.176106	-0.141249	-0.729786	0.00370723	
0.759128	0.15898	0.658327	0.183907	-0.140956	-0.726872	0.00351506	
0.758617	0.167681	0.65826	0.191643	-0.140733	-0.723921	0.00335774	
0.758101	0.176529	0.658328	0.199374	-0.14048	-0.721017	0.00317449	
0.75827	0.193357	0.688334	0.215166	-0.0762747	-0.469947	0.00397917	
0.758887	0.209956	0.685868	0.249194	-0.0376521	-0.546816	0.00362644	
0.760805	0.229957	0.683152	0.260727	-0.0108272	-0.596923	0.00305017	
0.76374	0.248166	0.682358	0.262364	0.00873553	-0.629897	0.00246717	
0.767158	0.264824	0.681986	0.261002	0.0230697	-0.651782	0.00190352	
0.770564	0.276798	0.680016	0.258924	0.033322	-0.666195	0.00148706	
0.773672	0.286242	0.679697	0.257669	0.0411905	-0.675566	0.00110807	
0.776376	0.294946	0.679674	0.257917	0.0470921	-0.681475	0.000785082	
0.778603	0.302099	0.678895	0.259237	0.0512211	-0.684944	0.000544158	
0.78037	0.307525	0.678645	0.26143	0.0543413	-0.686677	0.000335451	
0.781771	0.31292	0.679563	0.264593	0.0568247	-0.687216	0.000135292	
0.782799	0.320329	0.680173	0.269006	0.0585365	-0.68689	-2.35825e-05	
0.783565	0.325702	0.678561	0.273536	0.0592352	-0.685908	-0.000154687	
0.784128	0.331173	0.678881	0.27855	0.059993	-0.684498	-0.000281833	
0.784487	0.336451	0.678982	0.283874	0.0603921	-0.682764	-0.000397089	
0.784704	0.341014	0.679206	0.289289	0.0605763	-0.680763	-0.000502605	
0.784852	0.346822	0.68013	0.295202	0.0607689	-0.678619	-0.000615764	
0.784915	0.352132	0.679783	0.301099	0.0605126	-0.676356	-0.000694593	
0.784893	0.357045	0.679817	0.307039	0.0602601	-0.673983	-0.000781687	
0.784879	0.362089	0.680227	0.31306	0.0600279	-0.671539	-0.000867765	
0.784762	0.366673	0.680399	0.319046	0.0596768	-0.66908	-0.000949194	
0.784678	0.371072	0.68097	0.325031	0.0593569	-0.666537	-0.00103077	
0.784586	0.376608	0.681733	0.331261	0.0590821	-0.663993	-0.00110367	
0.784441	0.381194	0.681202	0.337309	0.058476	-0.661441	-0.00117784	
0.784312	0.385658	0.681542	0.343341	0.0580377	-0.658859	-0.00124972	
0.784184	0.389876	0.681965	0.349308	0.0576163	-0.656269	-0.00131968	
0.784097	0.39458	0.682581	0.355359	0.0572506	-0.653677	-0.00138964	
0.783915	0.398637	0.68255	0.361279	0.0567126	-0.65111	-0.00145287	
0.78381	0.402985	0.683098	0.367291	0.05628	-0.648478	-0.00152202	
0.783704	0.407158	0.683358	0.373189	0.0558168	-0.645897	-0.00158077	
0.783588	0.411107	0.683633	0.379041	0.0553501	-0.643302	-0.00163694	
0.783489	0.41545	0.684068	0.384968	0.0549148	-0.64071	-0.00169885	
0.78339	0.419128	0.684037	0.39073	0.0543822	-0.638123	-0.00175269	
0.783284	0.422559	0.684572	0.39642	0.0539723	-0.635528	-0.00180341	
0.783194	0.426136	0.685276	0.402146	0.0535975	-0.632914	-0.00186099	
0.783104	0.4301	0.685764	0.407925	0.0531724	-0.630334	-0.00192776	
0.783021	0.43325	0.685776	0.413516	0.0526404	-0.627737	-0.00197608	
0.782949	0.436686	0.686533	0.419157	0.0522779	-0.625146	-0.00203069	
0.783096	0.441753	0.687168	0.424869	0.0520178	-0.622647	-0.00207674	
0.782775	0.442669	0.685577	0.430037	0.0512506	-0.620126	-0.002047	
0.782732	0.446264	0.688113	0.435865	0.0509918	-0.617351	-0.00219373	
0.782719	0.449462	0.688391	0.44134	0.0505703	-0.614788	-0.00223389	
0.782647	0.452367	0.688679	0.44672	0.0501141	-0.612234	-0.00226895	
0.782645	0.455392	0.689237	0.452121	0.0497674	-0.609641	-0.00232037	
0.782567	0.45779	0.689552	0.457437	0.0493425	-0.607111	-0.00235534	
0.782583	0.461261	0.690448	0.462937	0.0489908	-0.604498	-0.00240305	
0.782573	0.463837	0.690249	0.468155	0.0484891	-0.601981	-0.00243404	
0.78254	0.46651	0.690757	0.47348	0.0481025	-0.599417	-0.00247364	
0.782559	0.468702	0.691158	0.47861	0.0476706	-0.596836	-0.00250909	
0.782553	0.471275	0.691973	0.483813	0.0473966	-0.594312	-0.0025563	
0.782558	0.473904	0.692305	0.489024	0.0469822	-0.591756	-0.00258112	
0.78257	0.476279	0.692527	0.49416	0.0465481	-0.589214	-0.0026124	
0.782594	0.478708	0.692922	0.499285	0.0461558	-0.58667	-0.00264494	
0.782611	0.480312	0.693186	0.504223	0.0457327	-0.584123	-0.00267535	
0.782646	0.481899	0.694215	0.509138	0.0454812	-0.581575	-0.00271295	
0.782666	0.484497	0.695174	0.514251	0.0452154	-0.579043	-0.00275043	
0.782704	0.486448	0.695067	0.519209	0.0447169	-0.57651	-0.00277148	
0.782769	0.488271	0.695558	0.5241	0.0443668	-0.573982	-0.00279955	
0.782793	0.490014	0.696064	0.528973	0.044012	-0.571464	-0.00282675	
0.782863	0.491772	0.696596	0.533829	0.0436567	-0.568918	-0.00285561	
0.782899	0.493282	0.697057	0.5386	0.0433011	-0.56641	-0.0028809	
0.782515	0.49502	0.697236	0.543742	0.0426004	-0.563863	-0.00291211	
0.784147	0.495271	0.699101	0.547344	0.0433139	-0.56098	-0.00292055	
0.782922	0.496935	0.700057	0.551948	0.0433486	-0.559859	-0.00296285	
0.78308	0.499465	0.698854	0.557806	0.0416477	-0.556175	-0.00297458	
0.783178	0.500625	0.699486	0.562347	0.0414082	-0.553705	-0.00299246	
0.783294	0.501744	0.700107	0.566895	0.0411429	-0.551229	-0.00301864	
0.783813	0.503025	0.701137	0.571115	0.0413013	-0.54875	-0.00303155	
0.78386	0.503864	0.701446	0.575325	0.0412337	-0.546658	-0.0030575	
0.783792	0.504372	0.701616	0.579896	0.0406402	-0.544136	-0.00310961	
0.783245	0.50525	0.70207	0.584978	0.0396939	-0.541468	-0.00308957	
0.783588	0.506856	0.703065	0.589887	0.0391524	-0.538343	-0.00310652	
0.783962	0.507409	0.703785	0.593845	0.0392643	-0.536089	-0.00312024	
0.784025	0.507943	0.704316	0.598008	0.0391345	-0.533864	-0.00313255	
0.784275	0.508627	0.704933	0.602303	0.0388882	-0.531333	-0.00314889	
0.784432	0.509251	0.705575	0.606478	0.0387183	-0.528948	-0.00316323	
0.784262	0.509854	0.70571	0.610923	0.0381941	-0.526498	-0.00318513	
0.784463	0.510533	0.706221	0.615384	0.0377508	-0.523802	-0.00319828	
0.784469	0.510823	0.706763	0.619582	0.0374276	-0.521375	-0.00321301	
0.784937	0.511242	0.707718	0.623661	0.0373417	-0.518815	-0.00321991	
0.785709	0.511306	0.708957	0.627116	0.0377654	-0.516597	-0.00322351	
0.785098	0.510607	0.708703	0.631014	0.0372742	-0.51462	-0.00324382	
0.78528	0.511529	0.709604	0.635823	0.036632	-0.511584	-0.00325522	
0.78614	0.511707	0.710854	0.63939	0.0369495	-0.509154	-0.00325215	
0.784681	0.510645	0.709793	0.643613	0.0358522	-0.507266	-0.00327801	
0.785876	0.512644	0.711764	0.648674	0.0354843	-0.503548	-0.0032739	
0.786022	0.51152	0.711947	0.651581	0.0357116	-0.50187	-0.0032853	
0.786473	0.514685	0.712847	0.655971	0.0358039	-0.499481	-0.00328569	
0.78628	0.510038	0.709782	0.659011	0.0346811	-0.497306	-0.00325162	
0.786474	0.510131	0.714513	0.663194	0.0350357	-0.494451	-0.00331577	
0.786665	0.509957	0.715133	0.667018	0.0348214	-0.492035	-0.00331986	
0.78686	0.50992	0.71561	0.670859	0.0345894	-0.489631	-0.00332135	
0.78705	0.509522	0.715893	0.674604	0.0343023	-0.487214	-0.00332022	
0.787244	0.509062	0.71645	0.678322	0.034074	-0.484806	-0.00332264	
0.787449	0.508515	0.717037	0.681989	0.0338585	-0.482393	-0.00332416	
0.787643	0.507983	0.717658	0.685665	0.0336499	-0.47998	-0.00332714	
0.78784	0.507295	0.718182	0.689287	0.0334158	-0.477562	-0.00332757	
0.788034	0.506579	0.718842	0.692882	0.0332167	-0.475152	-0.0033296	
0.788247	0.505792	0.719454	0.696435	0.0330081	-0.472747	-0.00333012	
0.788449	0.504966	0.720087	0.699967	0.0328104	-0.470341	-0.00333089	
0.788662	0.504079	0.720705	0.703473	0.0326124	-0.467939	-0.0033314	
0.788873	0.503142	0.721335	0.706947	0.0324154	-0.465544	-0.00333143	
0.789087	0.502133	0.721972	0.710385	0.0322278	-0.46314	-0.00332768	
0.789305	0.501043	0.722609	0.713778	0.0320386	-0.460749	-0.0033332	
0.78952	0.499978	0.723279	0.717178	0.0318672	-0.458355	-0.00333154	
0.789746	0.498813	0.723881	0.720526	0.0316668	-0.455973	-0.00332685	
0.78997	0.497567	0.72453	0.723842	0.0314903	-0.453583	-0.00332523	
0.790189	0.496347	0.7252	0.727145	0.0313216	-0.451193	-0.00332184	
0.790421	0.495003	0.725794	0.730401	0.0311378	-0.448822	-0.00332106	
0.790641	0.493292	0.72648	0.733571	0.0309718	-0.446434	-0.00331825	
0.790867	0.49229	0.727453	0.736867	0.0308737	-0.444064	-0.00332139	
0.791105	0.490806	0.727696	0.740029	0.0306216	-0.441683	-0.00330794	
0.791339	0.489298	0.728371	0.743168	0.0304833	-0.439317	-0.00330712	
0.791577	0.487655	0.72901	0.746269	0.030327	-0.436953	-0.00330308	
0.791804	0.48599	0.729713	0.74934	0.030181	-0.434587	-0.00329977	
0.792053	0.484378	0.730417	0.752439	0.030047	-0.432224	-0.00329795	
0.792289	0.48272	0.731009	0.755498	0.0298627	-0.429875	-0.00328684	
0.792539	0.480816	0.731602	0.75843	0.0296959	-0.427505	-0.00327454	
0.792828	0.479423	0.732448	0.761469	0.0296689	-0.425171	-0.0032822	
0.79302	0.47698	0.732633	0.764296	0.0294169	-0.422842	-0.00326761	
0.793268	0.475142	0.73382	0.767265	0.0293652	-0.420457	-0.00327174	
0.793514	0.472942	0.734449	0.770071	0.0292262	-0.418095	-0.00326536	
0.793765	0.471274	0.735351	0.773038	0.0291705	-0.415772	-0.00326841	
0.794011	0.469256	0.735675	0.775874	0.0289439	-0.413433	-0.00324875	
0.794271	0.46692	0.736301	0.778584	0.0288226	-0.411077	-0.00324113	
0.794528	0.464764	0.737198	0.781363	0.0287915	-0.408758	-0.00324723	
0.794775	0.462819	0.73787	0.784206	0.0286595	-0.406434	-0.00323906	
0.795034	0.460649	0.73829	0.786931	0.0284563	-0.404098	-0.00321832	
0.795283	0.458219	0.738875	0.789593	0.0283431	-0.401774	-0.00321085	
0.795535	0.455885	0.739679	0.792273	0.0282606	-0.399442	-0.00320465	
0.795794	0.453491	0.740355	0.794899	0.0281647	-0.397119	-0.00319732	
0.79605	0.451157	0.741035	0.79752	0.0280726	-0.394804	-0.00319063	
0.796312	0.448627	0.741624	0.800098	0.0279549	-0.392478	-0.00318073	
0.796596	0.444671	0.742369	0.802365	0.0278555	-0.39015	-0.0031745	
0.796826	0.443869	0.744468	0.80522	0.0280722	-0.387835	-0.00318899	
0.797096	0.44123	0.743383	0.807738	0.0276435	-0.385556	-0.0031531	
0.797339	0.438357	0.744119	0.81011	0.0275594	-0.383229	-0.00314138	
0.79762	0.435724	0.74501	0.812629	0.0275753	-0.380933	-0.00314913	
0.797873	0.433026	0.745638	0.815062	0.0274253	-0.378636	-0.00312999	
0.798132	0.430204	0.746274	0.817433	0.0273413	-0.376332	-0.00312055	
0.798397	0.427379	0.746996	0.819805	0.0272844	-0.374029	-0.00311335	
0.79866	0.424496	0.747692	0.822135	0.0272195	-0.371736	-0.00310492	
0.798928	0.421581	0.748393	0.824453	0.0271579	-0.369442	-0.00309649	
0.79916	0.418916	0.749056	0.826809	0.0270831	-0.367154	-0.00308784	
0.799373	0.41712	0.749409	0.829373	0.026929	-0.364876	-0.00307453	
0.799745	0.412339	0.749026	0.83123	0.0266528	-0.362519	-0.00303996	
0.799993	0.409244	0.75149	0.833365	0.0270181	-0.360302	-0.00307384	
0.800258	0.406233	0.752082	0.835585	0.0269354	-0.358014	-0.00305501	
0.800512	0.403166	0.752681	0.837766	0.0268652	-0.35573	-0.00304477	
0.800772	0.399985	0.753286	0.839911	0.0267998	-0.353445	-0.00303019	
0.801029	0.397034	0.753967	0.842075	0.0267548	-0.351181	-0.00303021	
0.801283	0.393666	0.754366	0.844104	0.0266493	-0.348914	-0.00300756	
0.801563	0.390507	0.755162	0.846243	0.0266801	-0.346629	-0.00299965	
0.801822	0.386904	0.755715	0.848209	0.026553	-0.344363	-0.00299462	
0.80208	0.383574	0.756629	0.850236	0.0265783	-0.342088	-0.00299382	
0.802335	0.380935	0.757247	0.852369	0.0265438	-0.339847	-0.00298013	
0.802597	0.376584	0.757112	0.854171	0.0262598	-0.337561	-0.00295146	
0.799316	0.389065	0.535967	-0.384591	0.00835827	-0.346725	-0.00147822	
0.753174	0.0674398	0.113754	-0.362046	-0.0624387	-0.385437	-0.0140202	
0.676414	0.150156	-0.112443	-0.208627	-0.0673705	-0.408947	-0.0250981	
0.596029	0.102479	-0.593641	-0.0555981	-0.122487	-0.420589	-0.0271136	
0.518047	0.0849253	-0.8168	0.0866287	-0.121349	-0.421915	-0.0296551	
0.447661	0.0913037	-0.981331	0.205125	-0.111499	-0.41931	-0.0301652	
0.386777	0.101861	-1.10608	0.295995	-0.0995006	-0.414515	-0.0291179	
0.335642	0.112463	-1.19413	0.363661	-0.0861554	-0.408589	-0.0274923	
0.293292	0.120548	-1.25693	0.413148	-0.0736516	-0.402301	-0.0255326	
0.258532	0.124471	-1.30194	0.448763	-0.0628496	-0.395894	-0.0234767	
0.230066	0.12433	-1.3337	0.474062	-0.0537695	-0.389543	-0.0214863	
0.206714	0.120514	-1.35614	0.491717	-0.0464134	-0.383324	-0.0196415	
0.187438	0.112717	-1.37195	0.503585	-0.0405983	-0.377221	-0.0179821	
0.171371	0.102561	-1.38221	0.511342	-0.0358714	-0.371264	-0.0165338	
0.157801	0.0903595	-1.38933	0.516023	-0.0322314	-0.365432	-0.0152779	
0.146159	0.0764516	-1.39407	0.518469	-0.0294008	-0.359692	-0.0141918	
0.13603	0.0608203	-1.39699	0.51913	-0.0272247	-0.354044	-0.0132806	
0.13108	-0.146884	-1.39472	0.478122	-0.0284232	-0.344858	-0.0126123	
0.117888	0.0763792	-1.20852	0.524965	0.0175832	-0.340827	-0.0154532	
0.110773	0.0458749	-1.44971	0.523449	-0.0338137	-0.338829	-0.0103565	
0.104022	0.0193587	-1.43155	0.518709	-0.0289701	-0.332898	-0.0101873	
0.0976504	-0.00535	-1.42298	0.514306	-0.0265207	-0.32717	-0.00998167	
0.0915928	-0.0292535	-1.41596	0.509907	-0.0246624	-0.321491	-0.00979034	
0.0857073	-0.0511317	-1.40969	0.505852	-0.0231014	-0.31588	-0.00963309	
0.0800976	-0.0740723	-1.40535	0.501333	-0.0221044	-0.310279	-0.00948244	
0.0745864	-0.0954339	-1.39991	0.497133	-0.0207748	-0.304743	-0.00937924	
0.0691814	-0.116241	-1.3961	0.49304	-0.0199345	-0.299208	-0.00926781	
0.0638784	-0.136649	-1.39275	0.489033	-0.0192408	-0.293683	-0.00917223	
0.0586663	-0.156484	-1.38974	0.485104	-0.0186545	-0.288159	-0.00909159	
0.0535557	-0.177308	-1.38724	0.480982	-0.0181891	-0.282645	-0.00901569	
0.0484825	-0.196688	-1.38375	0.477159	-0.0175231	-0.277125	-0.00895291	
0.0434995	-0.21644	-1.38165	0.473288	-0.0171728	-0.27162	-0.00888359	
0.0385745	-0.23624	-1.3791	0.469421	-0.0167361	-0.266089	-0.00882903	
0.0337059	-0.255548	-1.3765	0.465677	-0.016285	-0.260571	-0.00878577	
0.0288937	-0.274946	-1.37431	0.461958	-0.0159498	-0.255047	-0.00872764	
0.0241633	-0.294416	-1.37197	0.458246	-0.0155805	-0.249514	-0.00868704	
0.0194753	-0.313775	-1.3695	0.454587	-0.0151894	-0.243979	-0.00863579	
0.0148517	-0.333179	-1.36712	0.450965	-0.0148329	-0.238438	-0.00859193	
0.0101499	-0.347935	-1.36472	0.448499	-0.0143978	-0.232983	-0.00851793	
0.00575609	-0.371507	-1.36665	0.44404	-0.0151657	-0.227389	-0.00841959	
0.0013355	-0.391571	-1.35977	0.440292	-0.0137566	-0.221772	-0.00847113	
-0.0030618	-0.410506	-1.35655	0.436957	-0.0132411	-0.216178	-0.00843986	
-0.00740664	-0.429295	-1.35422	0.433732	-0.0129469	-0.21062	-0.0083916	
-0.011681	-0.448251	-1.35195	0.430468	-0.012693	-0.205034	-0.00833837	
-0.0146955	-0.512246	-1.34836	0.416825	-0.0129902	-0.198633	-0.00823759	
-0.0203997	-0.475824	-1.30208	0.425755	-0.0013509	-0.193432	-0.00907941	
-0.0247843	-0.481312	-1.35562	0.427027	-0.0141076	-0.188832	-0.00804106	
-0.0281566	-0.519759	-1.36442	0.419358	-0.0169909	-0.182974	-0.00771395	
-0.0321758	-0.539774	-1.34196	0.415781	-0.0116474	-0.17712	-0.00802387	
-0.0360555	-0.559002	-1.33858	0.412821	-0.0112137	-0.171464	-0.00798678	
-0.039865	-0.578071	-1.33526	0.409947	-0.0108037	-0.165811	-0.00794557	
-0.0407252	-0.709085	-1.32933	0.381978	-0.0121782	-0.157867	-0.00787097	
-0.0480645	-0.590362	-1.21743	0.408156	0.0157535	-0.153297	-0.01014	
-0.0514528	-0.611959	-1.35273	0.407437	-0.0156474	-0.14967	-0.00722869	
-0.0548883	-0.635345	-1.34317	0.403686	-0.0138265	-0.143767	-0.00731142	
-0.0582681	-0.658972	-1.33548	0.399991	-0.0125201	-0.137894	-0.00735016	
-0.0615901	-0.678902	-1.3273	0.397249	-0.0110133	-0.132043	-0.00740014	
-0.0648674	-0.699403	-1.32263	0.39443	-0.0103958	-0.126278	-0.00737779	
-0.0680839	-0.719237	-1.31719	0.391859	-0.00959565	-0.120492	-0.00736461	
-0.0712459	-0.73853	-1.31227	0.389496	-0.00893105	-0.114704	-0.00734299	
-0.0743335	-0.757263	-1.30773	0.387328	-0.00835277	-0.10891	-0.00729901	
-0.0773665	-0.77588	-1.30354	0.385276	-0.00786799	-0.103126	-0.00725626	
-0.0802624	-0.795738	-1.29935	0.382963	-0.00742369	-0.0972928	-0.00720332	
-0.0832052	-0.811699	-1.29378	0.381631	-0.00657537	-0.0915208	-0.00719636	
-0.0864404	-0.813084	-1.29225	0.384029	-0.00640886	-0.0860387	-0.00701512	
-0.0886892	-0.850785	-1.30428	0.377843	-0.0104142	-0.0801119	-0.00674401	
-0.0912595	-0.867649	-1.28013	0.376159	-0.00497014	-0.0739534	-0.00706358	
-0.0938867	-0.883727	-1.27731	0.375148	-0.00487852	-0.0681599	-0.00697578	
-0.0963927	-0.900587	-1.27461	0.374005	-0.00484429	-0.0623213	-0.00689147	
-0.0988221	-0.916929	-1.27093	0.373022	-0.00455457	-0.0564691	-0.00682332	
-0.101169	-0.933227	-1.26761	0.372144	-0.00436879	-0.0506147	-0.00674714	
-0.103439	-0.949384	-1.26416	0.37135	-0.00416765	-0.0447381	-0.00667084	
-0.105618	-0.965503	-1.26067	0.370628	-0.00396565	-0.0388502	-0.00659714	
-0.107721	-0.981582	-1.25697	0.370004	-0.00372201	-0.0329419	-0.00652735	
-0.109808	-0.995313	-1.25331	0.37002	-0.00346094	-0.0270635	-0.00646445	
-0.111649	-1.01368	-1.25159	0.368962	-0.00379655	-0.0210952	-0.00634619	
-0.113516	-1.02927	-1.24508	0.36858	-0.00286291	-0.015123	-0.00633032	
-0.115284	-1.04462	-1.24127	0.368386	-0.00264367	-0.00916633	-0.00626164	
-0.11697	-1.05992	-1.23745	0.368257	-0.00243318	-0.00319317	-0.00619391	
-0.118571	-1.07508	-1.23342	0.368231	-0.00218131	0.00278974	-0.00612464	
-0.120095	-1.08993	-1.22944	0.368351	-0.00194572	0.0087893	-0.00606298	
-0.121526	-1.10481	-1.22546	0.368526	-0.00172853	0.014793	-0.00599685	
-0.122975	-1.11708	-1.22141	0.369424	-0.00146284	0.0207742	-0.00594046	
-0.124097	-1.13445	-1.21952	0.369114	-0.00184367	0.0268532	-0.00581249	
-0.12532	-1.14868	-1.21233	0.369539	-0.000827867	0.032899	-0.00582462	
-0.126414	-1.16269	-1.20833	0.37019	-0.000651726	0.0389665	-0.00576049	
-0.127424	-1.17674	-1.20414	0.370861	-0.000436411	0.0450406	-0.00569923	
-0.128354	-1.19055	-1.19971	0.371643	-0.000166777	0.0511204	-0.00564401	
-0.129199	-1.20412	-1.1953	0.372547	9.06777e-05	0.0572048	-0.00559225	
-0.129954	-1.21754	-1.19096	0.373532	0.000321993	0.0632939	-0.00553222	
-0.13063	-1.23072	-1.18651	0.374615	0.000574115	0.0693946	-0.00547726	
-0.131271	-1.24323	-1.1821	0.375977	0.000818514	0.0755048	-0.00542869	
-0.131707	-1.2569	-1.17806	0.377079	0.000922736	0.0816547	-0.00536363	
-0.13214	-1.26949	-1.17266	0.378413	0.00140286	0.087771	-0.00533318	
-0.132481	-1.28212	-1.16811	0.379858	0.00163962	0.0939111	-0.00528558	
-0.132739	-1.29425	-1.16333	0.381461	0.00194297	0.100062	-0.00523826	
-0.132903	-1.30672	-1.1588	0.383041	0.00215372	0.106217	-0.00519929	
-0.133003	-1.31819	-1.15373	0.38489	0.00252311	0.112369	-0.00516559	
-0.133012	-1.3299	-1.14939	0.386756	0.00268055	0.118521	-0.00511932	
-0.132931	-1.34171	-1.14459	0.388623	0.00294708	0.124699	-0.00507713	
-0.132764	-1.35336	-1.13949	0.390557	0.00328635	0.130874	-0.00505562	
-0.132527	-1.36451	-1.13429	0.392656	0.00365032	0.137054	-0.00502697	
-0.132209	-1.37522	-1.12937	0.394908	0.00394168	0.143226	-0.00499775	
-0.131809	-1.3861	-1.12464	0.397152	0.00416669	0.149396	-0.00496681	
-0.131325	-1.39647	-1.11949	0.399558	0.00450981	0.155586	-0.00493658	
-0.130901	-1.40219	-1.11475	0.40319	0.00484919	0.161675	-0.00487805	
-0.130122	-1.41836	-1.1141	0.404256	0.00383962	0.167882	-0.00482893	
-0.129355	-1.42815	-1.10294	0.406784	0.00575378	0.174162	-0.00491708	
-0.128734	-1.43359	-1.09834	0.410454	0.00600702	0.180177	-0.00484937	
-0.127694	-1.44837	-1.09725	0.412148	0.00528624	0.186505	-0.00473198	
-0.126695	-1.45776	-1.08667	0.414835	0.0068372	0.192725	-0.00491348	
-0.125691	-1.4665	-1.08169	0.417837	0.00710627	0.198876	-0.0048931	
-0.124599	-1.47539	-1.07678	0.420833	0.00733997	0.20503	-0.00487727	
-0.123289	-1.48786	-1.07139	0.422898	0.00762744	0.211251	-0.00486831	
-0.122198	-1.49206	-1.06253	0.427107	0.0090134	0.217364	-0.00493543	
-0.120977	-1.49757	-1.06172	0.431162	0.00817583	0.223398	-0.004846	
-0.11944	-1.50976	-1.05891	0.433415	0.00774411	0.229572	-0.0048126	
-0.117964	-1.51794	-1.04947	0.436584	0.00918661	0.235757	-0.00489524	
-0.116423	-1.52588	-1.04398	0.439925	0.00954231	0.241874	-0.004907	
-0.114765	-1.53475	-1.03831	0.443021	0.00991978	0.248002	-0.00492086	
-0.113115	-1.54162	-1.03155	0.446645	0.0106299	0.254097	-0.00495816	
-0.111482	-1.5457	-1.02675	0.451077	0.0108522	0.260121	-0.00496334	
-0.109543	-1.55596	-1.02424	0.453894	0.0103198	0.266197	-0.00494943	
-0.107664	-1.56323	-1.01535	0.457371	0.0115793	0.272312	-0.00502152	
-0.105738	-1.56832	-1.00951	0.461548	0.0120602	0.278332	-0.00507527	
-0.103676	-1.5772	-1.00547	0.464692	0.0119226	0.284359	-0.00505951	
-0.101619	-1.58369	-0.997468	0.468422	0.0129558	0.290414	-0.00512997	
-0.0994708	-1.59005	-0.991651	0.472241	0.01336	0.2964	-0.00517259	
-0.0972664	-1.59623	-0.985778	0.4761	0.0137807	0.302374	-0.00521686	
-0.0949878	-1.60265	-0.979882	0.479879	0.0141945	0.308344	-0.00526366	
-0.0926756	-1.60823	-0.973538	0.48389	0.0147452	0.314284	-0.00532075	
-0.0903052	-1.61353	-0.967919	0.48799	0.0150936	0.320192	-0.00536812	
-0.0878475	-1.61967	-0.962264	0.491831	0.0154115	0.326097	-0.0054207	
-0.0854956	-1.62625	-0.955728	0.495667	0.0158826	0.332181	-0.00559619	
-0.0826424	-1.63021	-0.948475	0.499914	0.0166903	0.337932	-0.00572253	
-0.0801899	-1.63568	-0.943571	0.503933	0.0169751	0.34359	-0.00555866	
-0.0775316	-1.6407	-0.937318	0.50806	0.0174599	0.349423	-0.00564343	
-0.0748091	-1.64579	-0.931171	0.512146	0.0179081	0.355215	-0.0057266	
-0.0720345	-1.65063	-0.924765	0.516291	0.0184377	0.36098	-0.00580728	
-0.0692272	-1.65521	-0.9185	0.520489	0.0189218	0.366723	-0.00589232	
-0.0663552	-1.65987	-0.912312	0.524657	0.0193814	0.372426	-0.00598603	
-0.0634485	-1.66419	-0.905889	0.528887	0.0199105	0.378108	-0.00606352	
-0.0604821	-1.66858	-0.899685	0.533099	0.0203734	0.383748	-0.00615119	
-0.0574749	-1.67273	-0.893279	0.537332	0.0208926	0.389374	-0.00624422	
-0.0544324	-1.6767	-0.886921	0.54163	0.0213984	0.394957	-0.00633935	
-0.05134	-1.68066	-0.880724	0.545903	0.0218582	0.400514	-0.00643278	
-0.0482029	-1.68445	-0.874333	0.550194	0.0223705	0.406034	-0.00653275	
-0.0450262	-1.68807	-0.868014	0.554509	0.0228619	0.411528	-0.00663183	
-0.0418066	-1.69169	-0.86171	0.5588	0.023348	0.416979	-0.00673404	
-0.0385554	-1.69524	-0.855291	0.563096	0.0238643	0.422411	-0.00684112	
-0.0352545	-1.69869	-0.848862	0.567412	0.0243865	0.427799	-0.00695034	
-0.0319207	-1.70205	-0.8425	0.571713	0.0248859	0.433158	-0.0070609	
-0.0285572	-1.70517	-0.836036	0.576055	0.0254168	0.438475	-0.00717516	
-0.0251592	-1.70819	-0.829736	0.58039	0.0259034	0.443756	-0.00728911	
-0.0217215	-1.71122	-0.823414	0.584721	0.0263974	0.449004	-0.00740579	
-0.0182592	-1.714	-0.817054	0.589086	0.0269074	0.454215	-0.00752488	
-0.0147703	-1.71652	-0.810875	0.593506	0.0273728	0.459376	-0.00764135	
-0.0112306	-1.71972	-0.804832	0.597717	0.0277837	0.46452	-0.00776404	
-0.0076707	-1.72217	-0.798078	0.602091	0.0284123	0.469619	-0.00789631	
-0.00409058	-1.72462	-0.792012	0.606465	0.0288497	0.474663	-0.00802209	
-0.000461303	-1.7274	-0.785881	0.610713	0.0293014	0.479682	-0.00814628	
0.00318488	-1.72987	-0.77936	0.615002	0.0298705	0.48466	-0.00828197	
0.00684707	-1.73209	-0.773122	0.619346	0.0303666	0.489599	-0.00841438	
0.0105416	-1.73429	-0.767051	0.623668	0.0308212	0.494493	-0.00854655	
0.0142469	-1.73635	-0.76096	0.628005	0.0312856	0.499339	-0.00868388	
0.0180853	-1.73976	-0.754937	0.631909	0.031734	0.504119	-0.00880789	
0.0217771	-1.74201	-0.747521	0.636253	0.0325648	0.508949	-0.00893376	
0.0255525	-1.74274	-0.741396	0.640735	0.0329403	0.513702	-0.0091599	
0.0293587	-1.74386	-0.736608	0.645271	0.0332261	0.51835	-0.00924074	
0.0331487	-1.74569	-0.731452	0.649537	0.0334669	0.522959	-0.0093672	
0.036997	-1.74762	-0.72549	0.653763	0.0339315	0.527569	-0.00951086	
0.0408711	-1.74949	-0.719512	0.657973	0.0344077	0.532112	-0.0096599	
0.0447614	-1.75128	-0.713591	0.662145	0.0348708	0.536634	-0.0098027	
0.0484943	-1.74842	-0.707834	0.667637	0.0354152	0.541037	-0.00995961	
0.0526349	-1.75575	-0.706457	0.67031	0.034501	0.545487	-0.0100335	
0.0565037	-1.75695	-0.694997	0.67449	0.0365755	0.549976	-0.0102967	
0.0601013	-1.75913	-0.679204	0.678504	0.0404639	1.08337	2.09584	
-0.570727	-4.28972	-0.605532	0.699816	0.0979149	1.42705	1.39805	
-1.10572	-3.87336	-0.544548	0.799818	0.188293	1.64664	0.929519	
-1.55584	-3.48854	-0.502865	0.894415	0.222834	1.79789	0.615385	
-1.92889	-3.13468	-0.47097	0.978094	0.222011	1.90273	0.403634	
-2.22044	-2.82105	-0.157034	2.24099	0.211118	1.98455	0.260119	
-2.48955	-2.56684	0.134713	1.83827	0.250979	2.02352	0.145787	
-2.69234	-2.28935	0.294088	1.61747	0.229932	2.06565	0.0904241	
-2.85221	-2.05663	0.370381	1.49193	0.180461	2.08728	0.0450241	
-2.97551	-1.86074	0.401058	1.42415	0.12014	2.09749	0.0138469	
-3.0694	-1.69432	0.408992	1.3908	0.0611353	2.09975	-0.00517927	
-3.13859	-1.56225	0.399674	1.37535	0.00681323	2.10094	-0.0160208	
-3.18883	-1.45624	0.388818	1.36974	-0.0390056	2.09784	-0.0259118	
-3.22382	-1.37156	0.375378	1.3692	-0.0770614	2.09263	-0.0319619	
-3.2468	-1.30315	0.362226	1.37069	-0.107712	2.08317	-0.0361319	
-3.26038	-1.25082	0.348998	1.37291	-0.131727	2.07663	-0.0365135	
-3.26658	-1.20787	0.339404	1.37486	-0.15048	2.06612	-0.0402945	
-3.26633	-1.17689	0.330492	1.37535	-0.164522	2.05517	-0.0404562	
-3.26323	-1.14687	0.324473	1.37597	-0.174723	2.04406	-0.0405721	
-3.25572	-1.12481	0.314221	1.37676	-0.183524	2.03356	-0.0411323	
-3.24548	-1.10644	0.309314	1.37562	-0.189078	2.02003	-0.0419629	
-3.23321	-1.09355	0.30392	1.37346	-0.192881	2.00829	-0.0402796	
-3.21947	-1.07915	0.301408	1.37153	-0.195055	1.99399	-0.0406948	
-3.20433	-1.07042	0.295634	1.36883	-0.19678	1.98368	-0.0385995	
-3.18834	-1.06142	0.29412	1.36551	-0.197432	1.96939	-0.0407071	
-3.17167	-1.05384	0.291087	1.3622	-0.197281	1.95721	-0.0388646	
-3.15442	-1.04718	0.288644	1.35853	-0.196937	1.94418	-0.0391549	
-3.13678	-1.04121	0.28643	1.35465	-0.196092	1.93115	-0.0386407	
-3.11886	-1.0363	0.284348	1.3506	-0.194983	1.91891	-0.0381437	
-3.10071	-1.0302	0.283023	1.34656	-0.193625	1.90459	-0.0384204	
-3.08238	-1.02599	0.280196	1.34223	-0.19219	1.8922	-0.0365675	
-3.06397	-1.02135	0.278919	1.33795	-0.190528	1.87895	-0.0367149	
-3.04553	-1.01716	0.277037	1.33363	-0.188845	1.86617	-0.0359555	
-3.02698	-1.01336	0.275454	1.32923	-0.187066	1.85371	-0.0356298	
-3.00846	-1.00936	0.274111	1.32467	-0.185226	1.84016	-0.0355694	
-2.98999	-1.00574	0.272459	1.32042	-0.183228	1.82844	-0.0344032	
-2.97142	-1.00214	0.271165	1.31593	-0.181455	1.81516	-0.035003	
-2.95296	-0.998435	0.269782	1.31143	-0.179414	1.80256	-0.0339672	
-2.93447	-0.995534	0.268205	1.30686	-0.177505	1.79056	-0.0335992	
-2.91615	-0.99128	0.26738	1.30255	-0.175443	1.77671	-0.0337746	
-2.89781	-0.987934	0.26506	1.29813	-0.173592	1.7644	-0.0320157	
-2.87945	-0.98501	0.263776	1.29352	-0.171615	1.75171	-0.0317887	
-2.8613	-0.981143	0.262798	1.28933	-0.169469	1.73936	-0.0311465	
-2.84309	-0.977538	0.260751	1.28493	-0.167734	1.72675	-0.0307927	
-2.82493	-0.975167	0.259114	1.28042	-0.165722	1.7149	-0.0301257	
-2.80685	-0.972554	0.258566	1.276	-0.163601	1.70328	-0.0301721	
-2.78883	-0.96932	0.257734	1.27154	-0.161615	1.69037	-0.0303717	
-2.77087	-0.967101	0.256225	1.26708	-0.159573	1.67893	-0.0291998	
-2.75301	-0.963278	0.255669	1.26284	-0.157503	1.66611	-0.0294755	
-2.73519	-0.960334	0.253604	1.25864	-0.15564	1.65461	-0.0282775	
-2.71737	-0.957918	0.252391	1.25411	-0.153745	1.64252	-0.0283799	
-2.69967	-0.955313	0.251598	1.24982	-0.151583	1.63097	-0.0278072	
-2.68206	-0.952377	0.250527	1.24547	-0.149668	1.61857	-0.027773	
-2.6644	-0.949936	0.24924	1.24115	-0.147616	1.60723	-0.0267786	
-2.6469	-0.947155	0.248341	1.23679	-0.145632	1.59478	-0.0268175	
-2.62943	-0.944184	0.247056	1.23264	-0.143583	1.58325	-0.0257	
-2.61203	-0.942094	0.24562	1.22826	-0.14173	1.57156	-0.0254484	
-2.59476	-0.938458	0.244908	1.2243	-0.139617	1.55988	-0.0250202	
-2.57742	-0.937631	0.242759	1.21985	-0.137957	1.54958	-0.0245065	
-2.57341	-0.78133	0.234356	1.25659	-0.134576	1.53568	-0.0253293	
-2.53996	-0.956508	0.0904943	1.21051	-0.175142	1.52512	-0.0225122	
-2.52341	-0.962889	0.277731	1.19743	-0.122372	1.51579	-0.0241055	
-2.50689	-0.953566	0.269268	1.19513	-0.122561	1.50397	-0.0241613	
-2.4904	-0.945307	0.261855	1.19285	-0.122105	1.49265	-0.0233806	
-2.4738	-0.938771	0.255497	1.18987	-0.121574	1.48043	-0.0229677	
-2.45723	-0.93323	0.250752	1.18685	-0.120399	1.46975	-0.0215803	
-2.44066	-0.928399	0.246755	1.18361	-0.119309	1.45887	-0.0217143	
-2.42409	-0.924292	0.243407	1.18011	-0.118022	1.4477	-0.0215713	
-2.40752	-0.920489	0.240734	1.17648	-0.11648	1.43644	-0.0210593	
-2.39098	-0.917749	0.238259	1.1727	-0.114881	1.42608	-0.0204092	
-2.37451	-0.914782	0.236789	1.16898	-0.113158	1.41533	-0.0206361	
-2.35803	-0.911962	0.234972	1.16499	-0.111499	1.4035	-0.0203834	
-2.34164	-0.90952	0.233352	1.16112	-0.109565	1.39295	-0.018984	
-2.32527	-0.90773	0.231991	1.15719	-0.10778	1.38278	-0.0188689	
-2.30898	-0.905369	0.231183	1.15327	-0.105921	1.37162	-0.019079	
-2.29275	-0.903658	0.229863	1.14941	-0.10406	1.36196	-0.0182221	
-2.27654	-0.90177	0.229171	1.14536	-0.102277	1.35066	-0.0188145	
-2.26057	-0.899052	0.228137	1.14185	-0.100277	1.34065	-0.0176982	
-2.24428	-0.898282	0.226397	1.13742	-0.0988241	1.32976	-0.0178394	
-2.22826	-0.896745	0.226662	1.13343	-0.0963723	1.31933	-0.0170359	
-2.21231	-0.895161	0.225829	1.1296	-0.0944756	1.30919	-0.0166687	
-2.19641	-0.893561	0.225056	1.12571	-0.0926709	1.29899	-0.016542	
-2.18058	-0.891445	0.224247	1.12197	-0.0907733	1.28889	-0.0163092	
-2.16475	-0.890828	0.222954	1.11778	-0.089071	1.27854	-0.0161059	
-2.14902	-0.888657	0.223108	1.11402	-0.0868327	1.268	-0.0156116	
-2.13333	-0.888183	0.221617	1.10996	-0.0851365	1.25795	-0.0148484	
-2.1177	-0.886966	0.221891	1.10604	-0.0830177	1.24791	-0.0146066	
-2.10219	-0.885307	0.221253	1.10235	-0.081104	1.23815	-0.0142568	
-2.08662	-0.88459	0.220247	1.09839	-0.0793765	1.22817	-0.0141754	
-2.0712	-0.882864	0.220168	1.09475	-0.0772937	1.21874	-0.0138139	
-2.05539	-0.88324	0.219155	1.09023	-0.0755869	1.20804	-0.0139678	
-2.04059	-0.881085	0.219972	1.08706	-0.0730572	1.19925	-0.0127972	
-2.02516	-0.880419	0.217995	1.08305	-0.0719912	1.18879	-0.0135765	
-2.01013	-0.876599	0.218266	1.08008	-0.0696346	1.17911	-0.0124032	
-1.99483	-0.876576	0.214916	1.07603	-0.0686187	1.16969	-0.0121421	
-1.9797	-0.876026	0.215559	1.07213	-0.0663177	1.15989	-0.0120944	
-1.96467	-0.876781	0.21533	1.06809	-0.0644617	1.15051	-0.0116192	
-1.94954	-0.876618	0.216459	1.06402	-0.0622711	1.14126	-0.0114887	
-1.93469	-0.874817	0.216731	1.06059	-0.0600765	1.13177	-0.0113297	
-1.91984	-0.873554	0.21515	1.05708	-0.0585456	1.12238	-0.0110196	
-1.90499	-0.872745	0.214296	1.0534	-0.0568006	1.11293	-0.0107369	
-1.89022	-0.871882	0.213866	1.04971	-0.0549175	1.10331	-0.0103385	
-1.87565	-0.871665	0.213229	1.04599	-0.0531303	1.09419	-0.00975206	
-1.86076	-0.869499	0.213363	1.04262	-0.0510773	1.08471	-0.00962544	
-1.84621	-0.87014	0.211641	1.03868	-0.0494992	1.0756	-0.008998	
-1.8317	-0.869293	0.212274	1.03522	-0.0474305	1.06672	-0.00894784	
-1.81722	-0.86829	0.21158	1.03175	-0.0456948	1.05789	-0.00884948	
-1.80269	-0.870419	0.210935	1.02749	-0.0440736	1.04859	-0.00882615	
-1.78843	-0.866947	0.213106	1.02455	-0.0414247	1.03974	-0.00829079	
-1.77411	-0.866042	0.209755	1.02124	-0.040363	1.03036	-0.00805142	
-1.7598	-0.866673	0.20909	1.01737	-0.0386467	1.02154	-0.00744357	
-1.7456	-0.866315	0.209817	1.01387	-0.0365101	1.01299	-0.00726865	
-1.73157	-0.864178	0.209388	1.01095	-0.0347201	1.00424	-0.00727652	
-1.71732	-0.865894	0.207388	1.00681	-0.0335369	0.99553	-0.00706608	
-1.70327	-0.865579	0.20927	1.00319	-0.031013	0.986145	-0.00687984	
-1.68931	-0.865259	0.208788	0.999876	-0.0291359	0.978092	-0.00589397	
-1.67539	-0.864881	0.208383	0.996445	-0.0274955	0.969206	-0.00627422	
-1.66154	-0.865684	0.208023	0.992765	-0.0257682	0.960663	-0.00576208	
-1.64772	-0.863312	0.208707	0.989864	-0.023633	0.952159	-0.00554481	
-1.63392	-0.863988	0.206331	0.986296	-0.0224221	0.943507	-0.005277	
-1.62027	-0.862651	0.206851	0.983203	-0.0203346	0.935325	-0.00497081	
-1.60656	-0.864066	0.205435	0.979582	-0.0189617	0.926859	-0.00497536	
-1.59296	-0.863718	0.206676	0.976154	-0.0168216	0.918389	-0.00470059	
-1.5794	-0.863784	0.206126	0.972817	-0.0151057	0.910223	-0.00430478	
-1.56602	-0.861123	0.205947	0.970147	-0.0132084	0.901793	-0.00422983	
-1.55248	-0.864193	0.203162	0.966155	-0.0122645	0.893446	-0.00383107	
-1.53908	-0.863442	0.206013	0.962925	-0.00965663	0.885266	-0.00360607	
-1.52578	-0.864268	0.20494	0.959531	-0.0081504	0.87715	-0.00324232	
-1.5125	-0.863935	0.205444	0.956232	-0.00624432	0.868474	-0.00310552	
-1.4994	-0.862755	0.204842	0.953518	-0.00445182	0.860791	-0.00226566	
-1.48621	-0.863285	0.203321	0.950268	-0.00324429	0.853253	-0.002467	
-1.47305	-0.863938	0.203676	0.946833	-0.00144152	0.844912	-0.00277166	
-1.4599	-0.864921	0.203982	0.943366	0.000505005	0.837203	-0.00216918	
-1.44693	-0.864985	0.204515	0.940125	0.00246778	0.828589	-0.00217758	
-1.43401	-0.865089	0.204055	0.937105	0.00419479	0.821162	-0.00124263	
-1.42113	-0.86522	0.203779	0.93407	0.00577883	0.813583	-0.00148131	
-1.40804	-0.867719	0.203664	0.930401	0.00737524	0.805593	-0.00151393	
-1.39555	-0.865283	0.205492	0.927708	0.00964568	0.797622	-0.00108492	
-1.38282	-0.865418	0.202372	0.924891	0.0107152	0.789987	-0.000637467	
-1.36999	-0.8676	0.202446	0.92131	0.0124031	0.782412	-0.0005284	
-1.35743	-0.867003	0.204047	0.918429	0.0145763	0.774751	-0.000414697	
-1.34488	-0.867093	0.202775	0.915514	0.0159474	0.767019	-0.000176912	
-1.33239	-0.867895	0.202339	0.912429	0.0175319	0.759554	0.000164865	
-1.32001	-0.866771	0.2025	0.909839	0.0192857	0.752056	0.000276433	
-1.30754	-0.86778	0.200898	0.906711	0.0205191	0.744182	0.000493046	
-1.29535	-0.867529	0.201275	0.903998	0.0223711	0.737157	0.00106872	
-1.28286	-0.868631	0.200389	0.900858	0.0237405	0.72978	0.000849124	
-1.27056	-0.869887	0.20109	0.89766	0.0256465	0.722158	0.00104268	
-1.25841	-0.870132	0.201403	0.894777	0.0274631	0.714776	0.00146931	
-1.24624	-0.870673	0.200964	0.891942	0.0290184	0.70762	0.00172369	
-1.23414	-0.871328	0.200805	0.889023	0.0306031	0.700202	0.00177717	
-1.22211	-0.872023	0.200698	0.886145	0.0322524	0.693074	0.00212151	
-1.21012	-0.87267	0.200682	0.883313	0.033877	0.685976	0.00221469	
-1.19816	-0.873455	0.200544	0.880373	0.0354609	0.678694	0.00232443	
-1.18627	-0.874231	0.200616	0.877533	0.037168	0.671586	0.00265072	
-1.17451	-0.874615	0.200544	0.874883	0.0387693	0.664561	0.00283634	
-1.16261	-0.875571	0.200151	0.871891	0.0402279	0.657458	0.00297208	
-1.15097	-0.876413	0.20036	0.869219	0.0419924	0.650517	0.00322763	
-1.13926	-0.877108	0.200261	0.866457	0.0434817	0.643377	0.00332917	
-1.12764	-0.877976	0.200174	0.863703	0.0450805	0.636443	0.00371749	
-1.11607	-0.878775	0.20008	0.861013	0.0466708	0.629654	0.00388411	
-1.10457	-0.879605	0.20003	0.858303	0.0482113	0.62276	0.00394479	
-1.09309	-0.880318	0.199938	0.855647	0.0497851	0.615951	0.00415822	
-1.08159	-0.881601	0.199772	0.852796	0.0513189	0.609134	0.00431757	
-1.07032	-0.882247	0.200074	0.850292	0.0530328	0.602328	0.0045082	
-1.05899	-0.883102	0.19973	0.847687	0.054426	0.595696	0.00472229	
-1.04772	-0.884867	0.199712	0.844838	0.0559055	0.588779	0.00482239	
-1.03653	-0.884815	0.200458	0.842469	0.057718	0.582249	0.00521604	
-1.02531	-0.885882	0.199451	0.83986	0.0590309	0.575466	0.0053046	
-1.0142	-0.886898	0.199486	0.837306	0.0606213	0.569028	0.00557986	
-1.00313	-0.887988	0.199406	0.834705	0.0620868	0.56228	0.00557001	
-0.992155	-0.889136	0.199482	0.832129	0.063625	0.555746	0.00591334	
-0.981113	-0.890027	0.199576	0.829685	0.0652363	0.549427	0.00610276	
-0.970219	-0.891082	0.199413	0.827189	0.0666741	0.542862	0.00611695	
-0.959382	-0.892251	0.199342	0.824709	0.0681337	0.536414	0.00633149	
-0.947497	-0.894653	0.199735	0.821414	0.0699547	0.529946	0.00651185	
-0.938073	-0.895039	0.200636	0.819736	0.0718992	0.523604	0.00677117	
-0.927194	-0.895301	0.198883	0.817429	0.0722565	0.516769	0.00657824	
-0.916589	-0.896396	0.199286	0.815167	0.0740915	0.511225	0.00764153	
-0.905906	-0.89758	0.199101	0.812696	0.0753653	0.504726	0.00699749	
-0.895325	-0.898418	0.199187	0.810377	0.0769495	0.498514	0.00737809	
-0.884753	-0.90018	0.198853	0.807904	0.0783195	0.492198	0.00749118	
-0.875638	-0.900325	0.199097	0.806414	0.0795036	0.486158	0.00772279	
-0.86349	-0.901495	0.198348	0.803282	0.0805902	0.480317	0.00775329	
-0.853225	-0.90423	0.199622	0.800725	0.0831057	0.473642	0.00800989	
-0.842838	-0.905709	0.199423	0.798352	0.0844358	0.467482	0.00818265	
-0.832673	-0.906879	0.199733	0.796173	0.0859558	0.461595	0.00843206	
-0.822463	-0.908185	0.199602	0.793904	0.0872506	0.455432	0.00840852	
-0.812311	-0.909277	0.199707	0.791728	0.088723	0.449438	0.0087222	
-0.80218	-0.910652	0.199563	0.789522	0.0900608	0.443564	0.00887854	
-0.792124	-0.911836	0.199705	0.787381	0.0914805	0.437615	0.00892609	
-0.782063	-0.913388	0.199549	0.785135	0.0928172	0.431664	0.00908416	
-0.772151	-0.914432	0.199787	0.783064	0.0942817	0.425799	0.00927098	
-0.76271	-0.914562	0.199369	0.781454	0.0954556	0.419944	0.00940341	
-0.752139	-0.916848	0.198416	0.778809	0.0964943	0.414092	0.0095588	
-0.742334	-0.918992	0.199884	0.776541	0.098506	0.408236	0.00983744	
-0.732508	-0.920802	0.199981	0.774365	0.0998479	0.402575	0.00988146	
-0.722806	-0.920941	0.200377	0.772561	0.101353	0.396593	0.00993184	
-0.713198	-0.923071	0.1992	0.770463	0.102359	0.390967	0.0103245	
-0.703425	-0.924427	0.19999	0.76835	0.103856	0.385337	0.0103259	
-0.693792	-0.926028	0.200044	0.7663	0.105262	0.379613	0.0104819	
-0.684213	-0.927578	0.200125	0.764265	0.106619	0.373893	0.0106455	
-0.674768	-0.928737	0.200175	0.762448	0.107981	0.368667	0.0108641	
-0.665243	-0.930354	0.199971	0.760388	0.109141	0.362689	0.010621	
-0.655791	-0.932039	0.200185	0.758351	0.110591	0.357084	0.0111686	
-0.646427	-0.933314	0.20034	0.756551	0.111985	0.351756	0.0113539	
-0.637037	-0.935093	0.2002	0.754518	0.113171	0.346089	0.011291	
-0.627779	-0.936472	0.200544	0.752683	0.114606	0.340715	0.0115819	
-0.61853	-0.937722	0.200394	0.750903	0.115839	0.335318	0.0116116	
-0.609505	-0.940124	0.200204	0.74895	0.116948	0.329823	0.0116934	
-0.600076	-0.940779	0.201077	0.747139	0.118478	0.324557	0.0118939	
-0.590945	-0.94285	0.200455	0.745239	0.119709	0.318998	0.0120074	
-0.581868	-0.944889	0.200787	0.743321	0.121036	0.313703	0.0121886	
-0.572852	-0.945753	0.201261	0.741708	0.122442	0.308411	0.0122826	
-0.563841	-0.947554	0.200588	0.739909	0.12351	0.303064	0.0124097	
-0.554831	-0.949709	0.200915	0.737962	0.12484	0.297645	0.0125563	
-0.546023	-0.951076	0.201413	0.736354	0.126244	0.292599	0.0128403	
-0.537157	-0.952404	0.201194	0.734702	0.127367	0.287336	0.0127758	
-0.528308	-0.954474	0.201085	0.732875	0.12856	0.282002	0.012953	
-0.519555	-0.955746	0.201571	0.731294	0.129956	0.276958	0.013197	
-0.510826	-0.95758	0.201234	0.729611	0.13104	0.271793	0.0132016	
-0.502105	-0.959227	0.201492	0.727955	0.132325	0.266708	0.0133376	
-0.493427	-0.961007	0.201533	0.726293	0.133543	0.261604	0.0134294	
-0.484804	-0.963092	0.20174	0.724574	0.134779	0.256497	0.0135425	
-0.47656	-0.965021	0.198007	0.722658	0.0713461	-0.000346235	0.0134951	
-0.466268	-0.952317	0.219291	0.718243	0.032959	0.0550673	0.0125624	
-0.454219	-0.941733	0.230174	0.71715	0.000627261	0.0961399	0.012077	
-0.431558	-0.925889	0.234543	0.715001	-0.0222543	0.126169	0.0119316	
-0.432601	-0.936831	0.22695	0.720562	-0.0458246	0.144756	0.011985	
-0.417029	-0.917757	0.232854	0.721354	-0.0662552	0.165505	0.0116947	
-0.40844	-0.915223	0.228798	0.724316	-0.079538	0.175621	0.0117857	
-0.384993	-0.917512	0.225322	0.718648	-0.0884529	0.183956	0.01194	
-0.379755	-0.920456	0.229408	0.722128	-0.0904054	0.185167	0.0121861	
-0.368429	-0.913696	0.218965	0.723562	-0.100608	0.189677	0.0124139	
-0.35773	-0.913966	0.215715	0.723533	-0.104805	0.190343	0.012171	
-0.347589	-0.91477	0.213039	0.723367	-0.107725	0.189996	0.0124551	
-0.337919	-0.916004	0.210683	0.723	-0.10987	0.18872	0.0125616	
-0.328683	-0.917178	0.208852	0.722571	-0.111305	0.186648	0.0127014	
-0.319088	-0.922816	0.207228	0.720584	-0.112322	0.184076	0.0130368	
-0.310395	-0.91831	0.209611	0.721528	-0.110976	0.181335	0.0131953	
-0.303495	-0.923316	0.20159	0.721057	-0.113773	0.177884	0.0132055	
-0.301115	-0.92002	0.202809	0.723901	-0.115352	0.175376	0.0131528	
-0.285553	-0.924508	0.199594	0.718558	-0.116826	0.173028	0.0130183	
-0.274844	-0.943585	0.20772	0.712479	-0.110947	0.167235	0.0134917	
-0.272542	-0.932487	0.215299	0.717653	-0.107366	0.163445	0.0138943	
-0.265347	-0.930332	0.198866	0.717982	-0.113522	0.160334	0.0137551	
-0.260269	-0.932418	0.199307	0.718177	-0.113589	0.156631	0.0137943	
-0.250441	-0.934044	0.199293	0.715996	-0.113412	0.153398	0.0138494	
-0.243557	-0.939347	0.200789	0.714927	-0.111422	0.148827	0.0140293	
-0.230691	-0.946556	0.202006	0.710241	-0.109345	0.144697	0.0140372	
-0.231481	-0.949164	0.206062	0.713517	-0.107026	0.139582	0.0144737	
-0.220196	-0.947161	0.201064	0.711045	-0.110169	0.137663	0.0142121	
-0.218603	-0.950954	0.203784	0.712739	-0.108313	0.132715	0.0144757	
-0.208206	-0.950935	0.201335	0.710307	-0.109803	0.130272	0.0144169	
-0.203692	-0.95597	0.204052	0.71034	-0.107548	0.125442	0.0144975	
-0.197878	-0.955863	0.203089	0.710388	-0.108515	0.122204	0.0144913	
-0.189996	-0.958089	0.203133	0.709125	-0.108037	0.118623	0.0146951	
-0.18644	-0.959653	0.203841	0.710106	-0.107552	0.114535	0.0147481	
-0.174824	-0.963463	0.202524	0.706147	-0.107583	0.111308	0.0148689	
-0.173623	-0.967219	0.206394	0.708185	-0.104916	0.106173	0.0150867	
-0.161921	-0.968512	0.203576	0.704878	-0.106239	0.103437	0.0151371	
-0.155593	-0.97616	0.207707	0.703693	-0.102393	0.0983519	0.0155201	
-0.155799	-0.973995	0.207349	0.707278	-0.103623	0.0951133	0.0156255	
-0.148875	-0.970472	0.203151	0.706867	-0.107104	0.0931006	0.0152273	
-0.1445	-0.972415	0.203916	0.707336	-0.106595	0.0891552	0.0153715	
-0.131956	-0.977978	0.203551	0.702632	-0.105621	0.0855906	0.0154414	
-0.129282	-0.983627	0.208736	0.70421	-0.101688	0.0807252	0.0159182	
-0.122887	-0.982755	0.20589	0.703683	-0.103776	0.0779109	0.0155698	
-0.118215	-0.984343	0.206416	0.704135	-0.103423	0.0743106	0.0157363	
-0.108975	-0.987803	0.205869	0.701604	-0.103134	0.0709304	0.0156562	
-0.106755	-0.990305	0.208327	0.703483	-0.101461	0.0667251	0.0157863	
-0.0978874	-0.991548	0.20576	0.7013	-0.102996	0.0637918	0.0158001	
-0.091437	-0.997233	0.20887	0.70023	-0.100309	0.0595097	0.0161731	
-0.0856196	-1.0002	0.209653	0.699806	-0.099489	0.0558116	0.0163483	
-0.0798329	-1.00244	0.209904	0.699479	-0.0991515	0.0523809	0.0164017	
-0.071506	-1.0064	0.210387	0.697544	-0.0981099	0.0486374	0.0164789	
-0.0673911	-1.01049	0.212247	0.697848	-0.0966068	0.0445673	0.0167169	
-0.0641452	-1.00926	0.211524	0.699353	-0.0977559	0.041752	0.0166755	
-0.0581765	-1.00922	0.20981	0.699139	-0.0990268	0.0390365	0.0165702	
-0.050301	-1.01337	0.210496	0.697377	-0.0979123	0.0352756	0.0165643	
-0.0452106	-1.01754	0.212369	0.697224	-0.0962358	0.0313577	0.0168868	
-0.0397537	-1.01882	0.212113	0.69714	-0.0962421	0.0281451	0.0169214	
-0.0356363	-1.02035	0.211986	0.697949	-0.0964107	0.0248154	0.0168657	
-0.028485	-1.02266	0.211773	0.696524	-0.0965514	0.0215755	0.0169109	
-0.0232134	-1.02629	0.213437	0.696304	-0.0951072	0.0179424	0.0172395	
-0.0172638	-1.0288	0.213507	0.695787	-0.0948224	0.0146531	0.0172065	
-0.0121577	-1.03117	0.214264	0.695858	-0.0942304	0.0111713	0.0172029	
-0.00620974	-1.03352	0.214262	0.695336	-0.09401	0.00779654	0.0173492	
-0.00151715	-1.0359	0.21488	0.695484	-0.0935225	0.00441352	0.0175655	
0.00508532	-1.03839	0.214869	0.694632	-0.0932641	0.00127945	0.0175705	
0.0100327	-1.0415	0.215977	0.694663	-0.0922611	-0.00220911	0.0176457	
0.0144112	-1.04343	0.215844	0.69502	-0.0924991	-0.00529995	0.0175943	
0.0219883	-1.0484	0.216427	0.692979	-0.0921405	-0.00870095	0.0176331	
0.0261292	-1.04905	0.22009	0.693972	-0.0899494	-0.0122816	0.0180717	
0.0310624	-1.05028	0.216429	0.694328	-0.0911603	-0.0153327	0.0179872	
0.037046	-1.05291	0.21687	0.69374	-0.0907948	-0.0184494	0.0179812	
0.0418857	-1.05593	0.217808	0.693751	-0.0900613	-0.0219027	0.0180553	
0.0466768	-1.0553	0.2178	0.694446	-0.0898692	-0.0249189	0.0182003	
0.0503298	-1.03167	0.214037	0.701467	-0.0892166	-0.0276519	0.0181168	
0.0584239	-1.06873	0.191009	0.692905	-0.0970252	-0.0325282	0.0177382	
0.0630838	-1.07254	0.227038	0.691191	-0.0866851	-0.0344333	0.0184586	
0.0685164	-1.07348	0.225989	0.691318	-0.0867459	-0.0376192	0.0185008	
0.0729992	-1.07467	0.225288	0.691973	-0.0865622	-0.0408872	0.0186332	
0.0781693	-1.07572	0.224077	0.692179	-0.0867884	-0.0438842	0.0186617	
0.0827384	-1.07732	0.22372	0.692639	-0.0866247	-0.0469514	0.0186724	
0.0882748	-1.0793	0.223232	0.692414	-0.0865693	-0.0501936	0.0186123	
0.0930484	-1.08084	0.223556	0.692809	-0.0858872	-0.0533555	0.0189386	
0.0981835	-1.08328	0.22262	0.692774	-0.0859155	-0.0564424	0.0188469	
0.103213	-1.0866	0.223346	0.692598	-0.0854449	-0.05948	0.0188919	
0.108048	-1.08879	0.224387	0.692659	-0.0849512	-0.0625562	0.0188871	
0.112919	-1.09083	0.224532	0.692789	-0.0846616	-0.0655936	0.0190089	
0.11775	-1.0931	0.224655	0.692903	-0.084385	-0.0686875	0.0190706	
0.122625	-1.09553	0.224932	0.692914	-0.0840789	-0.0718545	0.0191783	
0.127503	-1.09789	0.225392	0.692991	-0.0836452	-0.0748029	0.0193831	
0.132257	-1.10037	0.225734	0.693123	-0.0833198	-0.0777082	0.0193747	
0.137122	-1.10267	0.226151	0.693177	-0.0829992	-0.0807273	0.0193105	
0.144297	-1.09392	-0.0803391	-0.579846	-0.0823789	-0.0835223	0.0199755	
0.153373	-1.11169	-0.417285	-0.320754	-0.149723	-0.0853422	0.0227476	
0.163224	-1.15123	-0.665312	-0.129966	-0.17727	-0.0887455	0.0241989	
0.172134	-1.1903	-0.837239	0.0138259	-0.178789	-0.0923904	0.0251472	
0.180149	-1.22938	-0.966932	0.122948	-0.169936	-0.0967144	0.0256394	
0.189163	-1.28419	-1.06008	0.200858	-0.156242	-0.101559	0.0257687	
0.194596	-1.30022	-1.11245	0.26762	-0.13436	-0.105232	0.0263343	
0.200658	-1.32949	-1.18159	0.317274	-0.123421	-0.110606	0.0259424	
0.206543	-1.35662	-1.21705	0.354126	-0.108299	-0.114654	0.0261199	
0.212138	-1.38181	-1.24215	0.381898	-0.0949575	-0.119205	0.0258298	
0.217732	-1.4014	-1.25845	0.403634	-0.0825413	-0.123222	0.0261177	
0.22231	-1.4193	-1.27183	0.42071	-0.0727271	-0.127606	0.0260026	
0.226698	-1.4339	-1.28028	0.43392	-0.0645492	-0.13163	0.0262058	
0.230909	-1.44583	-1.2859	0.444398	-0.0577482	-0.135387	0.0264294	
0.2357	-1.45821	-1.28972	0.451823	-0.0522446	-0.138993	0.0265646	
0.239846	-1.46926	-1.28979	0.457697	-0.0470443	-0.142671	0.0265986	
0.243859	-1.47253	-1.28955	0.463777	-0.0426775	-0.145899	0.026752	
0.248251	-1.48175	-1.29387	0.467349	-0.0408281	-0.149971	0.0267172	
0.251893	-1.48282	-1.29119	0.47186	-0.0373102	-0.152649	0.0272264	
0.256001	-1.48739	-1.29531	0.47492	-0.0367016	-0.156113	0.0267603	
0.25995	-1.49199	-1.29433	0.477167	-0.0350824	-0.159233	0.0268898	
0.263823	-1.49521	-1.29296	0.479224	-0.0337253	-0.162371	0.0269125	
0.267628	-1.49774	-1.29228	0.481076	-0.0328518	-0.16557	0.0270186	
0.271762	-1.50022	-1.2916	0.482622	-0.0321044	-0.16852	0.0271167	
0.275708	-1.50292	-1.29059	0.483991	-0.031482	-0.171782	0.0270472	
0.279753	-1.50468	-1.28944	0.485291	-0.0309252	-0.174701	0.027294	
0.283469	-1.5065	-1.28868	0.486653	-0.0306384	-0.177761	0.0272631	
0.287608	-1.50829	-1.28784	0.487682	-0.0304595	-0.18063	0.0272772	
0.292638	-1.52415	-1.28545	0.484863	-0.0306285	-0.183891	0.0272815	
0.295931	-1.52278	-1.27064	0.485995	-0.0265662	-0.186239	0.0275434	
0.299984	-1.52105	-1.27361	0.487854	-0.0275015	-0.18938	0.0275273	
0.303374	-1.51973	-1.27534	0.489961	-0.0279074	-0.192164	0.0278038	
0.307118	-1.51881	-1.27711	0.491622	-0.0286782	-0.195194	0.0274744	
0.310989	-1.51844	-1.27788	0.493134	-0.0290242	-0.198056	0.0275407	
0.314725	-1.51826	-1.27849	0.494609	-0.0293734	-0.200891	0.0275672	
0.318545	-1.51848	-1.27889	0.495851	-0.0297475	-0.204014	0.0274484	
0.322396	-1.51858	-1.27874	0.497193	-0.029831	-0.206635	0.0277391	
0.326288	-1.51901	-1.27887	0.498422	-0.030127	-0.209479	0.0274484	
0.328732	-1.50619	-1.2797	0.503365	-0.0299334	-0.212373	0.0274443	
0.333182	-1.50864	-1.29251	0.504589	-0.0338577	-0.215262	0.0275112	
0.336612	-1.51218	-1.28869	0.505142	-0.0332066	-0.217978	0.0271669	
0.340874	-1.51498	-1.28592	0.505218	-0.0330328	-0.221102	0.0271241	
0.345731	-1.51853	-1.28285	0.505106	-0.0321693	-0.224179	0.0276036	
0.348607	-1.52053	-1.27991	0.506406	-0.0314953	-0.227245	0.0279325	
0.352526	-1.52152	-1.2791	0.507236	-0.0319965	-0.229572	0.0279821	
0.356751	-1.52122	-1.27753	0.508373	-0.0316354	-0.232286	0.0279033	
0.35986	-1.52259	-1.27806	0.509909	-0.032018	-0.234985	0.0277927	
0.364208	-1.52619	-1.27696	0.509931	-0.0324456	-0.237866	0.0274368	
0.368358	-1.52796	-1.27304	0.510492	-0.0314016	-0.24067	0.027814	
0.372607	-1.53132	-1.27174	0.51083	-0.0312071	-0.243794	0.0278778	
0.375549	-1.53031	-1.26897	0.512789	-0.03057	-0.246319	0.0282022	
0.379533	-1.52326	-1.27127	0.515689	-0.0312155	-0.248972	0.0278981	
0.383757	-1.53365	-1.27686	0.514953	-0.0332163	-0.25233	0.0280132	
0.386104	-1.53353	-1.26707	0.516355	-0.0311088	-0.254375	0.0281369	
0.390161	-1.53241	-1.26782	0.51757	-0.0319951	-0.256971	0.0278711	
0.394353	-1.53306	-1.2678	0.518736	-0.0319102	-0.259951	0.0279559	
0.397736	-1.53543	-1.26743	0.51984	-0.0320647	-0.26296	0.0280522	
0.401531	-1.53587	-1.26566	0.520853	-0.0319944	-0.265611	0.028223	
0.405509	-1.53657	-1.26497	0.522032	-0.031914	-0.268025	0.0283434	
0.40949	-1.53866	-1.26436	0.522937	-0.0318993	-0.270651	0.0281107	
0.413202	-1.53803	-1.26282	0.524492	-0.0315203	-0.273462	0.0278901	
0.416517	-1.53893	-1.26382	0.525991	-0.0320898	-0.276348	0.0279409	
