-7.92583	10.1178	-15.4436	5.67926	-3.49726	-1.55192	-0.00132232	
-7.88915	10.158	-15.4447	5.69652	-3.49746	-1.55262	-0.0013211	
-7.8525	10.198	-15.4457	5.7138	-3.49767	-1.5533	-0.0013199	
-7.81588	10.238	-15.4467	5.73109	-3.4979	-1.55397	-0.00131872	
-7.7793	10.2778	-15.4475	5.74838	-3.49814	-1.55462	-0.00131756	
-7.74274	10.3176	-15.4483	5.76569	-3.49839	-1.55525	-0.00131642	
-7.70622	10.3573	-15.4489	5.78301	-3.49865	-1.55587	-0.00131531	
-7.66973	10.3969	-15.4495	5.80034	-3.49893	-1.55647	-0.0013142	
-7.63327	10.4365	-15.45	5.81768	-3.49922	-1.55705	-0.00131312	
-7.59685	10.4759	-15.4504	5.83503	-3.49952	-1.55762	-0.00131205	
-7.56045	10.5153	-15.4508	5.85238	-3.49984	-1.55817	-0.001311	
-7.52409	10.5546	-15.451	5.86975	-3.50016	-1.55871	-0.00130996	
-7.48776	10.5937	-15.4512	5.88712	-3.5005	-1.55923	-0.00130894	
-7.44995	10.6365	-15.4496	5.90522	-3.50021	-1.56035	-0.00131625	
-7.41593	10.703	-15.4561	5.93578	-3.503	-1.56148	-0.00136824	
-7.3813	10.7543	-15.4605	5.95841	-3.50488	-1.56299	-0.00141048	
-7.34621	10.7977	-15.4634	5.97706	-3.5063	-1.56431	-0.0014464	
-7.3108	10.8366	-15.4651	5.99372	-3.50749	-1.56528	-0.00147718	
-7.27517	10.8732	-15.4661	6.00939	-3.50857	-1.56591	-0.00150344	
-7.23941	10.9083	-15.4664	6.02459	-3.5096	-1.56622	-0.00152574	
-7.20361	10.9426	-15.4664	6.0396	-3.51062	-1.56629	-0.00154462	
-7.16779	10.9764	-15.4662	6.05457	-3.51163	-1.56617	-0.00156067	
-7.132	11.0099	-15.4657	6.06957	-3.51265	-1.56589	-0.00157436	
-7.09625	11.0433	-15.4651	6.08463	-3.51369	-1.5655	-0.00158613	
-7.06056	11.0766	-15.4644	6.09978	-3.51476	-1.56501	-0.00159637	
-7.02493	11.1098	-15.4636	6.115	-3.51584	-1.56446	-0.00160536	
-6.98936	11.1429	-15.4628	6.13031	-3.51694	-1.56385	-0.00161335	
-6.95385	11.176	-15.4619	6.14569	-3.51805	-1.5632	-0.00162053	
-6.91839	11.2091	-15.4609	6.16114	-3.51919	-1.56252	-0.00162706	
-6.88299	11.2421	-15.4599	6.17666	-3.52033	-1.5618	-0.00163306	
-6.84764	11.275	-15.4589	6.19222	-3.52149	-1.56105	-0.00163863	
-6.81234	11.308	-15.4577	6.20784	-3.52266	-1.56029	-0.00164381	
-6.77708	11.3408	-15.4566	6.2235	-3.52384	-1.55951	-0.00164868	
-6.74187	11.3737	-15.4554	6.2392	-3.52503	-1.55871	-0.00165328	
-6.70669	11.4064	-15.4541	6.25494	-3.52622	-1.55789	-0.00165765	
-6.67156	11.4392	-15.4527	6.2707	-3.52742	-1.55706	-0.00166182	
-6.63645	11.4718	-15.4514	6.2865	-3.52863	-1.55622	-0.00166581	
-6.60138	11.5044	-15.4499	6.30231	-3.52984	-1.55537	-0.00166963	
-6.56634	11.537	-15.4484	6.31815	-3.53106	-1.5545	-0.00167331	
-6.53133	11.5695	-15.4468	6.33401	-3.53227	-1.55362	-0.00167684	
-6.49635	11.6019	-15.4452	6.34989	-3.53349	-1.55274	-0.00168025	
-6.4614	11.6342	-15.4435	6.36578	-3.53471	-1.55184	-0.00168354	
-6.39027	11.6259	-15.3801	6.36456	-3.53483	-1.53869	-0.00312239	
-6.31615	11.5594	-15.3058	6.34957	-3.53532	-1.51743	-0.00438219	
-6.19081	11.3495	-15.1033	6.39923	-3.59729	-1.4101	-0.0079765	
-6.11093	11.1522	-14.938	6.49254	-3.6714	-1.28885	-0.0107831	
-6.05636	10.9851	-14.8156	6.57303	-3.73511	-1.18876	-0.0128191	
-6.01535	10.855	-14.7248	6.63429	-3.78554	-1.11336	-0.0142801	
-5.67941	10.6548	-14.1474	6.7476	-3.79166	-0.86841	-0.0142095	
-5.3627	10.5448	-13.6038	6.8613	-3.78243	-0.651309	-0.0135492	
-5.08604	10.4978	-13.1259	6.96697	-3.76811	-0.468972	-0.0127184	
-4.85329	10.4953	-12.7184	7.06208	-3.75333	-0.320137	-0.0119035	
-4.66131	10.5239	-12.3754	7.14628	-3.73995	-0.200717	-0.0111795	
-4.50455	10.574	-12.0878	7.2203	-3.72857	-0.105952	-0.0105679	
-4.37705	10.6386	-11.8461	7.28537	-3.71921	-0.031297	-0.0100656	
-4.27327	10.7127	-11.6413	7.34282	-3.71167	0.0272405	-0.00965994	
-4.18847	10.7932	-11.466	7.39397	-3.70566	0.0730088	-0.00933503	
-4.11868	10.8776	-11.3141	7.44002	-3.70088	0.108738	-0.00907568	
-4.06069	10.9644	-11.1805	7.482	-3.6971	0.136619	-0.00886834	
-4.01196	11.0526	-11.0613	7.52078	-3.69408	0.158382	-0.0087017	
-3.97047	11.1415	-10.9533	7.55709	-3.69165	0.175386	-0.00856649	
-3.93465	11.2306	-10.8542	7.5915	-3.68967	0.188688	-0.00845538	
-3.90326	11.3198	-10.7619	7.62448	-3.68803	0.199111	-0.00836248	
-3.87534	11.4088	-10.6751	7.65641	-3.68663	0.207292	-0.00828326	
-3.85016	11.4976	-10.5927	7.68759	-3.6854	0.213719	-0.00821421	
-3.82714	11.5862	-10.5137	7.71823	-3.6843	0.218772	-0.00815256	
-3.80585	11.6745	-10.4374	7.74853	-3.68328	0.222742	-0.00809622	
-3.78593	11.7625	-10.3634	7.77862	-3.6823	0.225854	-0.00804353	
-3.76712	11.8503	-10.2913	7.8086	-3.68134	0.22828	-0.00799333	
-3.74923	11.9378	-10.2207	7.83856	-3.68039	0.230154	-0.00794462	
-3.73208	12.0251	-10.1513	7.86857	-3.67942	0.231579	-0.00789669	
-3.71557	12.1122	-10.0831	7.89866	-3.67843	0.232632	-0.007849	
-3.69959	12.1992	-10.0159	7.92889	-3.67741	0.233378	-0.00780112	
-3.68408	12.2859	-9.94954	7.95926	-3.67635	0.233861	-0.0077528	
-3.66897	12.3725	-9.88395	7.98981	-3.67526	0.234117	-0.0077038	
-3.65424	12.4589	-9.81907	8.02055	-3.67412	0.234176	-0.00765396	
-3.63983	12.5451	-9.75486	8.05149	-3.67294	0.234059	-0.00760316	
-3.62574	12.6312	-9.69127	8.08263	-3.67172	0.233785	-0.00755136	
-3.61193	12.7171	-9.62828	8.11398	-3.67045	0.233367	-0.00749844	
-3.5984	12.8029	-9.56586	8.14554	-3.66914	0.232812	-0.00744452	
-3.58514	12.8885	-9.504	8.17732	-3.6678	0.232132	-0.00738952	
-3.57214	12.974	-9.44269	8.20932	-3.66641	0.231332	-0.00733346	
-3.55938	13.0592	-9.38191	8.24152	-3.66499	0.230417	-0.00727637	
-3.54688	13.1444	-9.32165	8.27394	-3.66354	0.229393	-0.00721829	
-3.53462	13.2293	-9.26192	8.30657	-3.66206	0.228262	-0.00715921	
-3.5226	13.314	-9.2027	8.3394	-3.66054	0.227028	-0.00709922	
-3.51082	13.3986	-9.14399	8.37244	-3.659	0.225692	-0.00703834	
-3.49929	13.483	-9.08579	8.40568	-3.65744	0.224257	-0.00697666	
-3.488	13.5671	-9.0281	8.43912	-3.65586	0.222725	-0.00691419	
-3.47694	13.6511	-8.97092	8.47275	-3.65426	0.221096	-0.00685101	
-3.46613	13.7348	-8.91425	8.50657	-3.65264	0.219373	-0.00678718	
-3.45555	13.8183	-8.85807	8.54057	-3.65101	0.217557	-0.00672278	
-3.44523	13.9016	-8.80241	8.57477	-3.64937	0.215648	-0.00665776	
-3.43515	13.9846	-8.74726	8.60915	-3.64772	0.213647	-0.00659225	
-3.42532	14.0674	-8.69262	8.64371	-3.64607	0.211554	-0.00652631	
-3.41574	14.1499	-8.63849	8.67844	-3.64442	0.209372	-0.00645999	
-3.40639	14.2322	-8.58486	8.71334	-3.64277	0.207101	-0.00639334	
-3.3973	14.3142	-8.53174	8.74841	-3.64112	0.204742	-0.00632638	
-3.38846	14.3959	-8.47912	8.78365	-3.63948	0.202295	-0.00625926	
-3.37987	14.4773	-8.42701	8.81904	-3.63784	0.199762	-0.00619197	
-3.37153	14.5584	-8.37541	8.85459	-3.63622	0.197144	-0.00612457	
-3.36344	14.6391	-8.32432	8.8903	-3.63461	0.19444	-0.00605708	
-3.35561	14.7196	-8.27374	8.92615	-3.63301	0.191651	-0.00598965	
-3.34803	14.7997	-8.22367	8.96216	-3.63144	0.188779	-0.00592226	
-3.3407	14.8795	-8.1741	8.9983	-3.62988	0.185824	-0.00585498	
-3.33364	14.9589	-8.12504	9.03459	-3.62835	0.182786	-0.00578785	
-3.32683	15.038	-8.07649	9.07101	-3.62683	0.179667	-0.00572094	
-3.32027	15.1167	-8.02845	9.10757	-3.62535	0.176467	-0.00565428	
-3.31397	15.1951	-7.98091	9.14426	-3.62389	0.173187	-0.00558795	
-3.20287	15.341	-7.79628	9.16022	-3.57221	0.200536	-0.00372624	
-3.11861	15.4726	-7.64666	9.18155	-3.53321	0.219868	-0.00229684	
-3.05469	15.5948	-7.5236	9.20841	-3.50403	0.233595	-0.00119339	
-3.00592	15.7085	-7.4207	9.23808	-3.48197	0.242491	-0.000348168	
-2.96857	15.8169	-7.33287	9.27087	-3.46538	0.248154	0.000305936	
-2.93989	15.921	-7.2565	9.30611	-3.45295	0.251374	0.000814499	
-2.91777	16.0219	-7.18888	9.34322	-3.44364	0.25274	0.0012123	
-2.90067	16.12	-7.12798	9.38177	-3.43669	0.25269	0.00152581	
-2.8874	16.216	-7.07225	9.4214	-3.43153	0.251553	0.00177516	
-2.87707	16.31	-7.02053	9.46187	-3.42773	0.249578	0.00197563	
-2.86903	16.4025	-6.97194	9.50296	-3.42496	0.24695	0.00213879	
-2.86276	16.4937	-6.92583	9.54452	-3.42296	0.243813	0.0022734	
-2.85789	16.5836	-6.88171	9.58645	-3.42157	0.24027	0.00238611	
-2.85414	16.6725	-6.8392	9.62866	-3.42064	0.236406	0.00248193	
-2.85129	16.7605	-6.79802	9.6711	-3.42007	0.23228	0.00256463	
-2.84919	16.8475	-6.75797	9.7137	-3.41978	0.227939	0.00263706	
-2.84771	16.9338	-6.71889	9.75645	-3.41972	0.223418	0.00270139	
-2.84677	17.0192	-6.68065	9.79931	-3.41984	0.218745	0.0027592	
-2.8463	17.1039	-6.64317	9.84227	-3.42012	0.213941	0.0028117	
-2.84624	17.1879	-6.60639	9.88531	-3.42053	0.20902	0.00285982	
-2.84657	17.2712	-6.57025	9.92842	-3.42105	0.203996	0.00290423	
-2.84724	17.3537	-6.53471	9.9716	-3.42167	0.198878	0.00294541	
-2.84825	17.4356	-6.49975	10.0148	-3.42239	0.193672	0.00298375	
-2.84956	17.5168	-6.46535	10.0581	-3.42319	0.188385	0.00301951	
-2.85118	17.5972	-6.43148	10.1014	-3.42408	0.183022	0.00305287	
-2.85309	17.677	-6.39814	10.1448	-3.42504	0.177585	0.00308398	
-2.85529	17.7561	-6.36531	10.1882	-3.42608	0.172079	0.00311294	
-2.85776	17.8344	-6.33299	10.2317	-3.4272	0.166502	0.00313979	
-2.86051	17.9121	-6.30117	10.2751	-3.42839	0.160861	0.00316461	
-2.86353	17.989	-6.26984	10.3187	-3.42966	0.155156	0.00318741	
-2.86682	18.0651	-6.239	10.3622	-3.431	0.149389	0.00320818	
-2.87037	18.1405	-6.20866	10.4058	-3.43242	0.14356	0.00322695	
-2.87419	18.2151	-6.17879	10.4494	-3.43391	0.137672	0.00324369	
-2.87827	18.2889	-6.1494	10.493	-3.43548	0.131724	0.0032584	
-2.88262	18.362	-6.1205	10.5366	-3.43712	0.125718	0.00327101	
-2.88722	18.4342	-6.09207	10.5802	-3.43885	0.119656	0.00328162	
-2.89207	18.5056	-6.0641	10.6239	-3.44065	0.11354	0.00329017	
-2.89718	18.5762	-6.0366	10.6675	-3.44252	0.10737	0.00329662	
-2.90254	18.6459	-6.00957	10.7112	-3.44448	0.101147	0.00330096	
-2.90816	18.7148	-5.983	10.7549	-3.44651	0.0948718	0.00330317	
-2.91402	18.7828	-5.95688	10.7986	-3.44862	0.0885458	0.00330325	
-2.92012	18.8499	-5.93122	10.8422	-3.4508	0.0821703	0.00330118	
-2.92647	18.9161	-5.906	10.8859	-3.45307	0.0757461	0.00329696	
-2.93306	18.9814	-5.88123	10.9296	-3.45541	0.0692756	0.00329056	
-2.93988	19.0458	-5.8569	10.9732	-3.45784	0.0627593	0.00328199	
-2.94694	19.1093	-5.83301	11.0168	-3.46033	0.0561983	0.00327124	
-2.95424	19.1718	-5.80955	11.0605	-3.46291	0.0495943	0.0032583	
-2.96176	19.2334	-5.78651	11.1041	-3.46557	0.042949	0.00324309	
-2.9695	19.294	-5.7639	11.1476	-3.4683	0.0362619	0.00322577	
-2.97747	19.3536	-5.74171	11.1912	-3.4711	0.0295367	0.00320629	
-2.98565	19.4122	-5.71993	11.2347	-3.47398	0.0227725	0.00318464	
-2.99404	19.4699	-5.69854	11.2782	-3.47693	0.0159736	0.0031608	
-3.00264	19.5265	-5.67756	11.3216	-3.47996	0.00913796	0.00313474	
-3.01144	19.5821	-5.65697	11.365	-3.48305	0.00227129	0.00310659	
-3.02044	19.6367	-5.63677	11.4083	-3.48622	-0.00462614	0.0030763	
-3.02963	19.6903	-5.61695	11.4516	-3.48945	-0.0115532	0.00304388	
-3.03901	19.7429	-5.5975	11.4948	-3.49276	-0.0185097	0.00300936	
-3.04858	19.7943	-5.57843	11.538	-3.49612	-0.0254934	0.00297276	
-3.05833	19.8448	-5.55971	11.5811	-3.49956	-0.0325017	0.00293409	
-3.06825	19.8941	-5.54135	11.6241	-3.50305	-0.0395333	0.00289338	
-3.07833	19.9425	-5.52333	11.6671	-3.50661	-0.0465862	0.00285067	
-3.08858	19.9897	-5.50566	11.7099	-3.51023	-0.0536598	0.00280594	
-3.09899	20.0358	-5.48831	11.7527	-3.5139	-0.0607517	0.00275927	
-3.10954	20.0809	-5.4713	11.7954	-3.51763	-0.0678596	0.00271073	
-3.12024	20.1249	-5.4546	11.838	-3.52142	-0.0749832	0.00266025	
-3.13108	20.1678	-5.4382	11.8805	-3.52525	-0.0821203	0.00260792	
-3.14205	20.2096	-5.42212	11.9229	-3.52913	-0.0892673	0.00255379	
-3.15314	20.2504	-5.40632	11.9652	-3.53306	-0.0964239	0.00249789	
-3.16436	20.29	-5.39081	12.0074	-3.53703	-0.103588	0.00244026	
-3.17568	20.3285	-5.37558	12.0495	-3.54105	-0.110759	0.00238094	
-3.18711	20.3659	-5.36063	12.0914	-3.5451	-0.117934	0.00231996	
-3.19865	20.4023	-5.34593	12.1332	-3.54919	-0.125111	0.0022574	
-3.21027	20.4375	-5.33149	12.1749	-3.55332	-0.132289	0.00219331	
-3.22198	20.4717	-5.3173	12.2164	-3.55747	-0.139465	0.00212769	
-3.23377	20.5048	-5.30334	12.2578	-3.56166	-0.146638	0.00206078	
-3.24562	20.5367	-5.28961	12.299	-3.56586	-0.153808	0.0019922	
-3.25754	20.5676	-5.27611	12.3401	-3.57009	-0.16097	0.00192244	
-3.26952	20.5975	-5.26282	12.381	-3.57435	-0.168124	0.00185137	
-3.28155	20.6262	-5.24973	12.4218	-3.57861	-0.175267	0.00177908	
-3.29363	20.6539	-5.23684	12.4624	-3.5829	-0.1824	0.00170561	
-3.30574	20.6805	-5.22414	12.5028	-3.58719	-0.189518	0.00163102	
-3.31788	20.7061	-5.21162	12.543	-3.59149	-0.196621	0.00155537	
-3.33004	20.7306	-5.19927	12.583	-3.5958	-0.203707	0.00147872	
-3.34222	20.7541	-5.18709	12.6229	-3.60011	-0.210775	0.00140113	
-3.35441	20.7766	-5.17506	12.6625	-3.60441	-0.217823	0.00132265	
-3.3666	20.798	-5.16319	12.7019	-3.60872	-0.224849	0.00124334	
-3.37879	20.8184	-5.15146	12.7412	-3.61302	-0.231851	0.00116328	
-3.39096	20.8379	-5.13986	12.7802	-3.6173	-0.238829	0.00108248	
-3.40312	20.8563	-5.12839	12.819	-3.62158	-0.245782	0.00100103	
-3.41526	20.8737	-5.11704	12.8576	-3.62584	-0.252705	0.000919015	
-3.42736	20.8902	-5.10581	12.8959	-3.63009	-0.2596	0.000836469	
-3.43943	20.9058	-5.09468	12.934	-3.63431	-0.266465	0.000753449	
-3.45146	20.9204	-5.08365	12.9719	-3.63851	-0.273298	0.000670007	
-3.46344	20.934	-5.07271	13.0095	-3.64268	-0.280097	0.000586222	
-3.47536	20.9468	-5.06186	13.0469	-3.64682	-0.286862	0.00050214	
-3.48723	20.9586	-5.05108	13.0841	-3.65093	-0.293592	0.000417824	
-3.49903	20.9696	-5.04038	13.121	-3.65501	-0.300284	0.000333334	
-3.51076	20.9796	-5.02975	13.1576	-3.65904	-0.306939	0.000248706	
-3.52241	20.9889	-5.01918	13.194	-3.66304	-0.313553	0.000164021	
-3.53398	20.9972	-5.00867	13.2301	-3.667	-0.320128	7.93126e-05	
-3.54546	21.0048	-4.9982	13.2659	-3.67091	-0.326661	-5.36475e-06	
-3.55686	21.0115	-4.98778	13.3015	-3.67478	-0.333152	-8.99558e-05	
-3.56815	21.0175	-4.9774	13.3367	-3.6786	-0.339599	-0.000174405	
-3.57935	21.0227	-4.96705	13.3717	-3.68236	-0.346003	-0.000258647	
-3.59044	21.0271	-4.95674	13.4065	-3.68607	-0.352363	-0.000342648	
-3.60143	21.0307	-4.94645	13.4409	-3.68973	-0.358676	-0.000426358	
-3.61229	21.0337	-4.93617	13.4751	-3.69333	-0.36494	-0.000509789	
-3.62305	21.0359	-4.92592	13.5089	-3.69687	-0.37116	-0.000592778	
-3.63368	21.0374	-4.91567	13.5425	-3.70034	-0.377331	-0.000675352	
-3.64419	21.0382	-4.90544	13.5757	-3.70376	-0.383454	-0.000757455	
-3.65457	21.0384	-4.89521	13.6087	-3.70711	-0.389528	-0.000839044	
-3.66482	21.0379	-4.88498	13.6414	-3.71039	-0.395552	-0.000920078	
-3.67494	21.0369	-4.87475	13.6737	-3.71361	-0.401525	-0.0010006	
-3.68492	21.0352	-4.86451	13.7058	-3.71675	-0.407448	-0.00108041	
-3.69476	21.0329	-4.85427	13.7376	-3.71983	-0.41332	-0.00115955	
-3.70446	21.03	-4.84401	13.769	-3.72283	-0.419141	-0.001238	
-3.71402	21.0266	-4.83374	13.8002	-3.72576	-0.424909	-0.0013157	
-3.72343	21.0226	-4.82345	13.831	-3.72861	-0.430626	-0.00139265	
-3.7327	21.0181	-4.81314	13.8615	-3.73139	-0.43629	-0.00146881	
-3.74182	21.0131	-4.80281	13.8918	-3.73409	-0.441902	-0.00154416	
-3.75078	21.0076	-4.79246	13.9217	-3.73672	-0.447461	-0.00161865	
-3.75959	21.0016	-4.78208	13.9513	-3.73926	-0.452967	-0.00169227	
-3.76826	20.9952	-4.77168	13.9805	-3.74173	-0.45842	-0.00176499	
-3.77676	20.9884	-4.76124	14.0095	-3.74412	-0.463821	-0.00183679	
-3.78511	20.9811	-4.75078	14.0382	-3.74643	-0.469168	-0.00190763	
-3.79331	20.9733	-4.74029	14.0665	-3.74865	-0.474462	-0.0019775	
-3.80135	20.9652	-4.72976	14.0945	-3.7508	-0.479704	-0.00204639	
-3.80923	20.9568	-4.7192	14.1222	-3.75286	-0.484891	-0.00211428	
-3.81695	20.9479	-4.70861	14.1497	-3.75484	-0.490027	-0.00218117	
-3.82452	20.9387	-4.69798	14.1767	-3.75674	-0.495111	-0.00224699	
-3.83193	20.9292	-4.68732	14.2035	-3.75855	-0.500141	-0.00231176	
-3.83918	20.9193	-4.67662	14.23	-3.76028	-0.505119	-0.00237548	
-3.84627	20.9092	-4.66588	14.2562	-3.76193	-0.510044	-0.00243812	
-3.85321	20.8987	-4.65511	14.282	-3.7635	-0.514917	-0.00249969	
-3.85999	20.888	-4.6443	14.3076	-3.76498	-0.519739	-0.00256015	
-3.86661	20.877	-4.63345	14.3328	-3.76638	-0.52451	-0.00261953	
-3.87308	20.8657	-4.62257	14.3578	-3.76769	-0.52923	-0.00267777	
-3.8794	20.8543	-4.61165	14.3824	-3.76893	-0.533898	-0.00273492	
-3.88556	20.8425	-4.60069	14.4067	-3.77008	-0.538517	-0.00279095	
-3.89157	20.8306	-4.58969	14.4308	-3.77115	-0.543085	-0.00284588	
-3.89742	20.8185	-4.57866	14.4545	-3.77214	-0.547602	-0.00289968	
-3.90313	20.8061	-4.5676	14.4779	-3.77304	-0.552071	-0.00295236	
-3.90869	20.7936	-4.55649	14.5011	-3.77387	-0.55649	-0.00300392	
-3.9141	20.7809	-4.54536	14.5239	-3.77461	-0.560861	-0.00305435	
-3.91936	20.7681	-4.53418	14.5465	-3.77527	-0.565184	-0.00310366	
-3.92447	20.7551	-4.52298	14.5687	-3.77586	-0.56946	-0.00315186	
-3.92945	20.742	-4.51174	14.5907	-3.77637	-0.573687	-0.00319893	
-3.93428	20.7287	-4.50047	14.6124	-3.77679	-0.577868	-0.00324488	
-3.93897	20.7153	-4.48916	14.6338	-3.77714	-0.582002	-0.00328975	
-3.94352	20.7018	-4.47783	14.655	-3.77741	-0.586091	-0.00333349	
-3.94794	20.6882	-4.46646	14.6758	-3.77761	-0.590134	-0.00337612	
-3.95222	20.6745	-4.45507	14.6964	-3.77773	-0.594133	-0.00341766	
-3.95637	20.6608	-4.44365	14.7167	-3.77778	-0.598087	-0.00345812	
-3.96038	20.6469	-4.4322	14.7367	-3.77775	-0.601997	-0.0034975	
-3.96427	20.633	-4.42072	14.7565	-3.77765	-0.605864	-0.0035358	
-3.96803	20.619	-4.40922	14.776	-3.77747	-0.609688	-0.00357304	
-3.97166	20.6049	-4.39769	14.7952	-3.77723	-0.61347	-0.00360923	
-3.97518	20.5908	-4.38614	14.8141	-3.77691	-0.61721	-0.00364437	
-3.97857	20.5767	-4.37457	14.8328	-3.77652	-0.620908	-0.00367848	
-3.98184	20.5625	-4.36298	14.8513	-3.77607	-0.624567	-0.00371157	
-3.98499	20.5483	-4.35136	14.8695	-3.77554	-0.628179	-0.00374369	
-3.98803	20.5341	-4.33973	14.8874	-3.77495	-0.631758	-0.00377475	
-3.99096	20.5198	-4.32807	14.9051	-3.77429	-0.635297	-0.00380481	
-3.99377	20.5056	-4.31641	14.9226	-3.77357	-0.638798	-0.00383389	
-3.99648	20.4913	-4.30472	14.9398	-3.77278	-0.64226	-0.003862	
-3.99909	20.477	-4.29302	14.9567	-3.77193	-0.645684	-0.00388914	
-4.00159	20.4627	-4.28131	14.9734	-3.77101	-0.649071	-0.00391535	
-4.00399	20.4485	-4.26958	14.9899	-3.77004	-0.652426	-0.00394049	
-4.00629	20.4342	-4.25784	15.0061	-3.769	-0.655738	-0.00396487	
-4.00849	20.42	-4.24609	15.0222	-3.7679	-0.659016	-0.00398833	
-4.0106	20.4057	-4.23433	15.0379	-3.76674	-0.662258	-0.0040109	
-4.01261	20.3915	-4.22256	15.0535	-3.76553	-0.665466	-0.00403257	
-4.01454	20.3773	-4.21078	15.0688	-3.76426	-0.66864	-0.00405336	
-4.01638	20.3632	-4.199	15.0839	-3.76293	-0.671781	-0.0040733	
-4.01813	20.3491	-4.18721	15.0988	-3.76155	-0.674889	-0.00409239	
-4.0198	20.335	-4.17542	15.1135	-3.76011	-0.677964	-0.00411065	
-4.02138	20.3209	-4.16362	15.128	-3.75862	-0.681006	-0.00412809	
-4.02289	20.3069	-4.15182	15.1422	-3.75708	-0.684017	-0.00414473	
-4.02432	20.2929	-4.14002	15.1562	-3.75548	-0.686996	-0.00416057	
-4.02568	20.279	-4.12822	15.1701	-3.75384	-0.689945	-0.00417563	
-4.06234	19.934	-4.15236	15.1646	-3.77495	-0.705702	-0.0052764	
-4.08065	19.7333	-4.15791	15.161	-3.78387	-0.715514	-0.00590912	
-4.08948	19.614	-4.1539	15.1606	-3.78662	-0.722037	-0.0062772	
-4.09348	19.5404	-4.14506	15.1631	-3.7863	-0.726744	-0.00649366	
-4.09502	19.4927	-4.13379	15.1677	-3.78447	-0.730435	-0.00662121	
-4.0953	19.4601	-4.12128	15.1739	-3.7819	-0.733545	-0.00669516	
-4.09493	19.4364	-4.10818	15.1812	-3.77896	-0.736315	-0.00673604	
-4.09421	19.418	-4.09478	15.1891	-3.77585	-0.73888	-0.00675606	
-4.09333	19.4029	-4.08125	15.1976	-3.77265	-0.741319	-0.00676261	
-4.09236	19.3897	-4.06768	15.2062	-3.76941	-0.743677	-0.00676037	
-4.09135	19.3778	-4.05412	15.2151	-3.76616	-0.745981	-0.00675229	
-4.09031	19.3667	-4.04058	15.224	-3.76289	-0.748245	-0.00674027	
-4.08927	19.356	-4.02707	15.2329	-3.75962	-0.750483	-0.00672554	
-4.08822	19.3457	-4.01359	15.2417	-3.75634	-0.752698	-0.00670892	
-4.08716	19.3356	-4.00016	15.2505	-3.75305	-0.754894	-0.00669097	
-4.08611	19.3257	-3.98676	15.2592	-3.74975	-0.757073	-0.00667207	
-4.08505	19.3158	-3.9734	15.2678	-3.74644	-0.759237	-0.00665249	
-4.08399	19.306	-3.96008	15.2763	-3.74311	-0.761387	-0.00663234	
-4.08293	19.2963	-3.94679	15.2846	-3.73977	-0.763523	-0.00661179	
-4.08187	19.2866	-3.93353	15.2929	-3.73642	-0.765646	-0.00659091	
-4.08082	19.277	-3.9203	15.301	-3.73305	-0.767756	-0.00656976	
-4.07975	19.2674	-3.90711	15.309	-3.72967	-0.769853	-0.00654841	
-4.0787	19.2578	-3.89395	15.317	-3.72627	-0.771938	-0.00652687	
-4.07764	19.2482	-3.88082	15.3247	-3.72286	-0.77401	-0.00650514	
-4.07658	19.2387	-3.86773	15.3324	-3.71943	-0.77607	-0.00648327	
-4.07553	19.2292	-3.85466	15.34	-3.71598	-0.778117	-0.00646127	
-4.07448	19.2197	-3.84162	15.3474	-3.71252	-0.780152	-0.00643915	
-4.07344	19.2102	-3.82862	15.3547	-3.70905	-0.782176	-0.00641691	
-4.0724	19.2008	-3.81565	15.3619	-3.70556	-0.784186	-0.00639458	
-4.07137	19.1913	-3.8027	15.369	-3.70206	-0.786185	-0.00637214	
-4.07035	19.1819	-3.78979	15.3759	-3.69855	-0.788173	-0.00634961	
-4.06934	19.1726	-3.77691	15.3828	-3.69503	-0.790148	-0.00632699	
-4.06834	19.1632	-3.76406	15.3895	-3.69149	-0.792112	-0.00630429	
-4.06735	19.1539	-3.75123	15.3962	-3.68794	-0.794064	-0.0062815	
-4.06638	19.1446	-3.73844	15.4027	-3.68438	-0.796004	-0.00625865	
-4.06542	19.1353	-3.72568	15.4091	-3.6808	-0.797932	-0.00623574	
-4.06447	19.126	-3.71295	15.4154	-3.67722	-0.799849	-0.00621276	
-4.06354	19.1167	-3.70025	15.4216	-3.67363	-0.801754	-0.00618973	
-4.06262	19.1075	-3.68758	15.4277	-3.67002	-0.803648	-0.00616664	
-4.06173	19.0982	-3.67495	15.4337	-3.66642	-0.805531	-0.00614346	
-4.06085	19.0891	-3.66233	15.4396	-3.66279	-0.807401	-0.00612024	
-4.05999	19.0799	-3.64975	15.4454	-3.65916	-0.80926	-0.00609701	
-4.05915	19.0707	-3.6372	15.4511	-3.65552	-0.811108	-0.00607373	
-4.05833	19.0616	-3.62468	15.4567	-3.65187	-0.812944	-0.00605043	
-4.05754	19.0525	-3.61219	15.4622	-3.64822	-0.814769	-0.00602708	
-4.05676	19.0434	-3.59973	15.4676	-3.64456	-0.816583	-0.00600372	
-4.05601	19.0343	-3.58729	15.4729	-3.64089	-0.818385	-0.00598032	
-4.05529	19.0252	-3.57489	15.4781	-3.63721	-0.820177	-0.00595688	
-4.0546	19.0162	-3.56252	15.4832	-3.63353	-0.821957	-0.00593343	
-4.05393	19.0071	-3.55017	15.4882	-3.62984	-0.823725	-0.00590996	
-4.05329	18.9981	-3.53786	15.4931	-3.62615	-0.825482	-0.00588647	
-4.05267	18.9891	-3.52557	15.4979	-3.62245	-0.827228	-0.00586297	
-4.05209	18.9801	-3.51331	15.5027	-3.61875	-0.828963	-0.00583945	
-4.05154	18.9711	-3.50108	15.5073	-3.61504	-0.830686	-0.00581593	
-4.05102	18.9622	-3.48888	15.5119	-3.61133	-0.832398	-0.00579241	
-4.05053	18.9532	-3.47671	15.5163	-3.60762	-0.834098	-0.0057689	
-4.05007	18.9443	-3.46457	15.5207	-3.6039	-0.835787	-0.00574538	
-4.04965	18.9353	-3.45245	15.525	-3.60017	-0.837465	-0.00572186	
-4.04926	18.9264	-3.44036	15.5292	-3.59645	-0.839132	-0.00569835	
-4.04891	18.9175	-3.4283	15.5334	-3.59272	-0.840787	-0.00567485	
-4.04859	18.9086	-3.41627	15.5374	-3.58899	-0.842431	-0.00565136	
-4.04831	18.8998	-3.40426	15.5413	-3.58526	-0.844063	-0.0056279	
-4.04806	18.8909	-3.39227	15.5452	-3.58152	-0.845683	-0.00560459	
-4.04788	18.8821	-3.38034	15.549	-3.57781	-0.847291	-0.00558057	
-4.04771	18.8732	-3.36841	15.5527	-3.57407	-0.848889	-0.00555728	
-4.04759	18.8644	-3.35651	15.5564	-3.57033	-0.850475	-0.00553399	
-4.0475	18.8556	-3.34464	15.5599	-3.56659	-0.85205	-0.0055107	
-4.04746	18.8467	-3.33279	15.5634	-3.56285	-0.853613	-0.00548743	
-4.04746	18.838	-3.32098	15.5668	-3.55912	-0.855164	-0.00546384	
-4.04751	18.8292	-3.30919	15.5701	-3.55539	-0.856703	-0.00544036	
-4.0476	18.8204	-3.29743	15.5734	-3.55166	-0.85823	-0.00541706	
-4.04772	18.8116	-3.28567	15.5765	-3.54791	-0.859748	-0.00539428	
-4.04789	18.8028	-3.27395	15.5796	-3.54417	-0.861253	-0.00537136	
-4.04811	18.7941	-3.26226	15.5826	-3.54044	-0.862745	-0.00534826	
-4.04837	18.7853	-3.25059	15.5855	-3.53671	-0.864226	-0.00532523	
-4.04869	18.7765	-3.23895	15.5884	-3.53298	-0.865695	-0.00530223	
-4.04905	18.7678	-3.22733	15.5912	-3.52926	-0.867152	-0.00527927	
-4.04946	18.7591	-3.21573	15.5939	-3.52553	-0.868596	-0.00525638	
-4.04991	18.7504	-3.20416	15.5966	-3.5218	-0.870029	-0.00523355	
-4.05041	18.7417	-3.19261	15.5991	-3.51807	-0.871449	-0.0052108	
-4.05097	18.733	-3.18109	15.6016	-3.51436	-0.872858	-0.0051881	
-4.0516	18.7241	-3.1696	15.6041	-3.51067	-0.874256	-0.00516537	
-4.05225	18.7155	-3.15812	15.6065	-3.50695	-0.875639	-0.00514269	
-4.05296	18.7068	-3.14667	15.6088	-3.50324	-0.877011	-0.00512011	
-4.05374	18.698	-3.13525	15.611	-3.49956	-0.878371	-0.00509748	
-4.05453	18.6895	-3.12382	15.6132	-3.49583	-0.879715	-0.00507504	
-4.0554	18.6808	-3.11243	15.6153	-3.49214	-0.88105	-0.00505278	
-4.05632	18.6721	-3.10107	15.6174	-3.48846	-0.882372	-0.00503052	
-4.05731	18.6634	-3.08973	15.6193	-3.48478	-0.883682	-0.00500801	
-4.05834	18.6548	-3.07841	15.6213	-3.4811	-0.884979	-0.00498595	
-4.05943	18.6461	-3.06711	15.6231	-3.47743	-0.886263	-0.00496393	
-4.06058	18.6374	-3.05583	15.6249	-3.47376	-0.887534	-0.00494195	
-4.06178	18.6288	-3.04457	15.6266	-3.4701	-0.888792	-0.00492004	
-4.06304	18.6201	-3.03334	15.6283	-3.46644	-0.890037	-0.00489819	
-4.06436	18.6114	-3.02212	15.6299	-3.46279	-0.89127	-0.00487642	
-4.06574	18.6028	-3.01092	15.6314	-3.45915	-0.892489	-0.00485472	
-4.06717	18.5941	-2.99974	15.6329	-3.45551	-0.893696	-0.0048331	
-4.06867	18.5855	-2.98859	15.6343	-3.45188	-0.894889	-0.00481156	
-4.07022	18.5769	-2.97745	15.6357	-3.44825	-0.896069	-0.0047901	
-4.07184	18.5682	-2.96633	15.637	-3.44464	-0.897236	-0.00476873	
-4.07352	18.5596	-2.95523	15.6382	-3.44103	-0.898389	-0.00474744	
-4.07526	18.5509	-2.94415	15.6394	-3.43742	-0.899529	-0.00472624	
-4.07706	18.5423	-2.93308	15.6406	-3.43383	-0.900655	-0.00470513	
-4.07892	18.5337	-2.92204	15.6416	-3.43024	-0.901768	-0.0046841	
-4.08085	18.525	-2.91101	15.6427	-3.42666	-0.902868	-0.00466317	
-4.08284	18.5164	-2.9	15.6436	-3.42309	-0.903953	-0.00464233	
-4.08489	18.5078	-2.88901	15.6445	-3.41953	-0.905025	-0.00462158	
-4.08701	18.4992	-2.87803	15.6454	-3.41597	-0.906084	-0.00460092	
-4.08919	18.4905	-2.86707	15.6462	-3.41242	-0.907128	-0.00458036	
-4.09144	18.4819	-2.85613	15.6469	-3.40889	-0.908158	-0.0045599	
-4.09376	18.4733	-2.8452	15.6476	-3.40536	-0.909174	-0.00453953	
-4.09614	18.4647	-2.83429	15.6483	-3.40184	-0.910177	-0.00451926	
-4.09859	18.456	-2.8234	15.6489	-3.39833	-0.911165	-0.00449909	
-4.1011	18.4474	-2.81252	15.6494	-3.39482	-0.912139	-0.00447902	
-4.10368	18.4388	-2.80166	15.6499	-3.39133	-0.913098	-0.00445905	
-4.10633	18.4302	-2.79081	15.6503	-3.38785	-0.914043	-0.00443918	
-4.10905	18.4216	-2.77998	15.6507	-3.38438	-0.914974	-0.00441942	
-4.11184	18.4129	-2.76916	15.651	-3.38091	-0.915891	-0.00439976	
-4.1147	18.4043	-2.75835	15.6513	-3.37746	-0.916792	-0.0043802	
-4.11762	18.3957	-2.74757	15.6515	-3.37402	-0.917679	-0.00436074	
-4.12062	18.3871	-2.73679	15.6517	-3.37059	-0.918551	-0.00434139	
-4.12369	18.3785	-2.72603	15.6519	-3.36716	-0.919409	-0.00432214	
-4.12683	18.3699	-2.71528	15.6519	-3.36375	-0.920251	-0.00430301	
-4.13004	18.3613	-2.70454	15.652	-3.36035	-0.921079	-0.00428399	
-4.13332	18.3527	-2.69382	15.652	-3.35696	-0.921892	-0.00426507	
-4.13667	18.344	-2.68311	15.6519	-3.35358	-0.922689	-0.00424627	
-4.1401	18.3354	-2.67241	15.6518	-3.35021	-0.923472	-0.00422758	
-4.14359	18.3268	-2.66172	15.6517	-3.34685	-0.924239	-0.00420899	
-4.14717	18.3182	-2.65104	15.6515	-3.34351	-0.924991	-0.00419053	
-4.15081	18.3096	-2.64038	15.6512	-3.34017	-0.925728	-0.00417216	
-4.15453	18.301	-2.62973	15.6509	-3.33685	-0.926449	-0.00415391	
-4.15832	18.2924	-2.61909	15.6506	-3.33354	-0.927155	-0.00413578	
-4.16219	18.2838	-2.60846	15.6502	-3.33024	-0.927845	-0.00411776	
-4.16614	18.2752	-2.59784	15.6498	-3.32695	-0.928519	-0.00409985	
-4.17015	18.2666	-2.58723	15.6493	-3.32368	-0.929178	-0.00408208	
-4.17425	18.258	-2.57663	15.6488	-3.32041	-0.929821	-0.0040644	
-4.17842	18.2494	-2.56604	15.6483	-3.31716	-0.930448	-0.00404684	
-4.18267	18.2408	-2.55546	15.6477	-3.31392	-0.931059	-0.00402941	
-4.18699	18.2322	-2.54489	15.647	-3.3107	-0.931654	-0.00401208	
-4.19139	18.2236	-2.53432	15.6464	-3.30748	-0.932233	-0.00399487	
-4.19587	18.215	-2.52377	15.6456	-3.30428	-0.932796	-0.00397779	
-4.20043	18.2064	-2.51323	15.6449	-3.30109	-0.933343	-0.00396082	
-4.20506	18.1978	-2.50269	15.6441	-3.29792	-0.933874	-0.00394398	
-4.20977	18.1892	-2.49216	15.6432	-3.29476	-0.934388	-0.00392725	
-4.21457	18.1806	-2.48164	15.6423	-3.29161	-0.934886	-0.00391065	
-4.21944	18.172	-2.47112	15.6414	-3.28847	-0.935368	-0.00389418	
-4.22439	18.1634	-2.46062	15.6404	-3.28535	-0.935832	-0.00387782	
-4.22942	18.1549	-2.45012	15.6394	-3.28224	-0.93628	-0.00386158	
-4.23453	18.1463	-2.43963	15.6383	-3.27914	-0.936711	-0.00384546	
-4.23972	18.1377	-2.42914	15.6372	-3.27606	-0.937126	-0.00382946	
-4.24499	18.1291	-2.41866	15.6361	-3.27299	-0.937524	-0.00381359	
-4.25034	18.1206	-2.40819	15.6349	-3.26993	-0.937905	-0.00379783	
-4.25578	18.112	-2.39772	15.6337	-3.26689	-0.938268	-0.00378222	
-4.26129	18.1034	-2.38726	15.6325	-3.26386	-0.938615	-0.00376671	
-4.26689	18.0949	-2.3768	15.6312	-3.26085	-0.938945	-0.00375133	
-4.27257	18.0863	-2.36635	15.6299	-3.25785	-0.939258	-0.00373608	
-4.27833	18.0777	-2.3559	15.6285	-3.25486	-0.939553	-0.00372096	
-4.34822	17.0741	-2.36815	15.7447	-3.35824	-0.943453	-0.00664069	
-4.42071	16.1715	-2.3807	15.8837	-3.46117	-0.946106	-0.00949171	
-4.4891	15.4274	-2.39056	16.0252	-3.55438	-0.947478	-0.0120522	
-4.54866	14.8638	-2.39563	16.1517	-3.63184	-0.947905	-0.0141717	
-4.59786	14.463	-2.39527	16.254	-3.6925	-0.947616	-0.0158381	
-4.63763	14.1919	-2.38999	16.3314	-3.73846	-0.946854	-0.0171115	
-4.66967	14.0183	-2.38066	16.3869	-3.77261	-0.945792	-0.0180711	
-4.69575	13.9159	-2.36815	16.4246	-3.79773	-0.944537	-0.0187907	
-4.71734	13.8648	-2.35322	16.4484	-3.81608	-0.943159	-0.0193307	
-4.73564	13.8505	-2.33645	16.4615	-3.82942	-0.9417	-0.0197378	
-4.75154	13.8624	-2.31829	16.4664	-3.83908	-0.940184	-0.0200473	
-4.76571	13.8933	-2.29906	16.4654	-3.84604	-0.938629	-0.0202851	
-4.77865	13.9376	-2.27902	16.4598	-3.85102	-0.937044	-0.0204701	
-4.7907	13.9918	-2.25833	16.4507	-3.85455	-0.935433	-0.0206163	
-4.80215	14.053	-2.23712	16.4391	-3.85701	-0.933802	-0.0207337	
-4.81317	14.1193	-2.21549	16.4255	-3.85868	-0.932151	-0.0208297	
-4.82392	14.1895	-2.19349	16.4104	-3.85975	-0.930483	-0.0209095	
-4.83448	14.2624	-2.17119	16.3942	-3.86038	-0.928798	-0.0209771	
-4.84463	14.3376	-2.1485	16.3761	-3.86042	-0.927039	-0.0210335	
-4.85504	14.4142	-2.12569	16.3583	-3.86049	-0.92534	-0.0210837	
-4.86544	14.4919	-2.10265	16.3398	-3.86036	-0.923616	-0.0211282	
-4.87586	14.5704	-2.07939	16.3207	-3.86006	-0.921874	-0.0211682	
-4.8863	14.6495	-2.05591	16.3012	-3.85963	-0.920114	-0.0212041	
-4.8968	14.7291	-2.03223	16.2812	-3.85909	-0.918336	-0.0212365	
-4.90736	14.8092	-2.00836	16.2609	-3.85845	-0.916541	-0.0212657	
-4.91798	14.8896	-1.9843	16.2401	-3.85773	-0.914728	-0.0212921	
-4.92868	14.9703	-1.96005	16.2191	-3.85694	-0.912899	-0.0213157	
-4.93945	15.0513	-1.93562	16.1977	-3.85607	-0.911054	-0.0213368	
-4.9503	15.1324	-1.91101	16.176	-3.85514	-0.909193	-0.0213553	
-4.96123	15.2138	-1.88623	16.1541	-3.85415	-0.907315	-0.0213714	
-4.97225	15.2953	-1.86127	16.1318	-3.8531	-0.905422	-0.0213851	
-4.98334	15.377	-1.83614	16.1092	-3.85198	-0.903513	-0.0213964	
-4.99451	15.4588	-1.81085	16.0864	-3.85081	-0.901589	-0.0214053	
-5.00576	15.5407	-1.78538	16.0633	-3.84957	-0.899649	-0.0214117	
-5.01709	15.6228	-1.75976	16.0399	-3.84827	-0.897694	-0.0214157	
-5.0285	15.705	-1.73397	16.0162	-3.84691	-0.895725	-0.0214172	
-5.03999	15.7873	-1.70802	15.9923	-3.84549	-0.89374	-0.0214162	
-5.05155	15.8697	-1.68192	15.9681	-3.844	-0.89174	-0.0214127	
-5.06319	15.9521	-1.65567	15.9436	-3.84245	-0.889726	-0.0214067	
-5.0749	16.0347	-1.62926	15.9188	-3.84083	-0.887699	-0.021398	
-5.08668	16.1173	-1.60271	15.8938	-3.83915	-0.885657	-0.0213867	
-5.09853	16.2	-1.57601	15.8685	-3.83739	-0.8836	-0.0213728	
-5.11045	16.2828	-1.54917	15.8429	-3.83555	-0.88153	-0.0213561	
-5.12243	16.3656	-1.52219	15.8171	-3.83365	-0.879447	-0.0213367	
-5.13448	16.4485	-1.49508	15.791	-3.83167	-0.87735	-0.0213145	
-5.14652	16.5315	-1.46782	15.7644	-3.82956	-0.87523	-0.021289	
-5.15869	16.6145	-1.44045	15.7378	-3.82744	-0.873111	-0.0212611	
-5.17095	16.6974	-1.41296	15.711	-3.82525	-0.870982	-0.0212304	
-5.18324	16.7804	-1.38535	15.6839	-3.82296	-0.868835	-0.0211969	
-5.1956	16.8633	-1.35761	15.6565	-3.8206	-0.866675	-0.0211606	
-5.208	16.9463	-1.32976	15.6288	-3.81815	-0.864503	-0.0211212	
-5.22046	17.0292	-1.30181	15.6009	-3.81561	-0.862319	-0.0210789	
-5.23279	17.1126	-1.27373	15.5723	-3.81283	-0.860112	-0.0210313	
-5.24536	17.1955	-1.24558	15.5439	-3.81015	-0.857912	-0.020983	
-5.25798	17.2783	-1.21733	15.5153	-3.80739	-0.855698	-0.0209318	
-5.27065	17.361	-1.18898	15.4865	-3.80453	-0.853473	-0.0208777	
-5.28336	17.4436	-1.16055	15.4574	-3.80157	-0.851235	-0.0208205	
-5.29612	17.5262	-1.13203	15.428	-3.79853	-0.848987	-0.0207603	
-5.30892	17.6086	-1.10344	15.3984	-3.7954	-0.846729	-0.020697	
-5.32176	17.691	-1.07477	15.3686	-3.79217	-0.84446	-0.0206307	
-5.33465	17.7732	-1.04603	15.3385	-3.78886	-0.842182	-0.0205612	
-5.34758	17.8553	-1.01723	15.3083	-3.78545	-0.839894	-0.0204887	
-5.36054	17.9373	-0.988376	15.2778	-3.78194	-0.837597	-0.0204131	
-5.37354	18.0191	-0.959466	15.2471	-3.77834	-0.835291	-0.0203343	
-5.38658	18.1007	-0.930509	15.2162	-3.77465	-0.832977	-0.0202526	
-5.39967	18.1821	-0.90151	15.1851	-3.77089	-0.830656	-0.0201679	
-5.41278	18.2633	-0.872473	15.1538	-3.76701	-0.828323	-0.0200802	
-5.42592	18.3443	-0.843403	15.1223	-3.76304	-0.825982	-0.0199893	
-5.4391	18.4251	-0.814307	15.0906	-3.75898	-0.823634	-0.0198955	
-5.4523	18.5056	-0.78519	15.0588	-3.75483	-0.821278	-0.0197987	
-5.46554	18.5859	-0.756057	15.0267	-3.75059	-0.818915	-0.0196989	
-5.47881	18.6658	-0.726913	14.9946	-3.74625	-0.816544	-0.0195962	
-5.49211	18.7455	-0.697764	14.9622	-3.74182	-0.814165	-0.0194906	
-5.50544	18.8249	-0.668615	14.9297	-3.73731	-0.81178	-0.0193822	
-5.51879	18.9039	-0.63947	14.8971	-3.73271	-0.809387	-0.019271	
-5.53218	18.9826	-0.610336	14.8643	-3.72802	-0.806988	-0.019157	
-5.5456	19.0609	-0.581217	14.8314	-3.72324	-0.804581	-0.0190403	
-5.55904	19.1388	-0.55212	14.7984	-3.71837	-0.802168	-0.0189209	
-5.57251	19.2164	-0.523048	14.7653	-3.71342	-0.799747	-0.0187988	
-5.586	19.2935	-0.494008	14.7321	-3.70838	-0.79732	-0.0186741	
-5.59952	19.3702	-0.465003	14.6987	-3.70326	-0.794887	-0.0185469	
-5.61307	19.4465	-0.436041	14.6653	-3.69806	-0.792447	-0.0184171	
-5.62665	19.5224	-0.407124	14.6318	-3.69278	-0.790001	-0.0182849	
-5.64026	19.5977	-0.378258	14.5982	-3.68742	-0.787548	-0.0181503	
-5.65389	19.6726	-0.349448	14.5646	-3.68199	-0.785088	-0.0180134	
-5.66755	19.747	-0.3207	14.5309	-3.67647	-0.782622	-0.0178741	
-5.68123	19.8209	-0.292017	14.4971	-3.67088	-0.78015	-0.0177327	
-5.69495	19.8942	-0.263404	14.4633	-3.66522	-0.777671	-0.017589	
-5.70869	19.967	-0.234866	14.4295	-3.65949	-0.775186	-0.0174433	
-5.72245	20.0393	-0.206407	14.3957	-3.65369	-0.772694	-0.0172955	
-5.73625	20.111	-0.178031	14.3618	-3.64782	-0.770196	-0.0171457	
-5.75008	20.1821	-0.149743	14.3279	-3.64189	-0.767691	-0.0169941	
-5.76393	20.2526	-0.121547	14.294	-3.6359	-0.765179	-0.0168406	
-5.77782	20.3225	-0.093446	14.2601	-3.62984	-0.762661	-0.0166853	
-5.79174	20.3918	-0.0654452	14.2263	-3.62372	-0.760135	-0.0165283	
-5.80569	20.4605	-0.0375478	14.1925	-3.61755	-0.757603	-0.0163697	
-5.81967	20.5285	-0.00975757	14.1586	-3.61132	-0.755063	-0.0162095	
-5.83368	20.5959	0.0179219	14.1249	-3.60504	-0.752517	-0.0160478	
-5.84773	20.6626	0.0454875	14.0912	-3.59871	-0.749963	-0.0158848	
-5.86181	20.7286	0.0729357	14.0575	-3.59233	-0.747401	-0.0157203	
-5.87593	20.7939	0.100263	14.0239	-3.58591	-0.744832	-0.0155546	
-5.89008	20.8586	0.127467	13.9904	-3.57944	-0.742255	-0.0153877	
-5.90428	20.9225	0.154545	13.9569	-3.57294	-0.73967	-0.0152197	
-5.91851	20.9857	0.181493	13.9236	-3.56639	-0.737077	-0.0150506	
-5.93278	21.0482	0.20831	13.8903	-3.55981	-0.734475	-0.0148806	
-5.94709	21.11	0.234992	13.8572	-3.55319	-0.731865	-0.0147096	
-5.96145	21.171	0.261539	13.8241	-3.54655	-0.729246	-0.0145379	
-5.97585	21.2313	0.287946	13.7912	-3.53987	-0.726618	-0.0143654	
-5.99029	21.2908	0.314212	13.7584	-3.53317	-0.72398	-0.0141922	
-6.00479	21.3495	0.340338	13.7257	-3.52645	-0.721332	-0.0140185	
-6.01932	21.4075	0.366315	13.6931	-3.5197	-0.718676	-0.0138441	
-6.0339	21.4647	0.392146	13.6607	-3.51294	-0.71601	-0.0136692	
-6.04854	21.5211	0.417829	13.6285	-3.50615	-0.713334	-0.0134939	
-6.06322	21.5768	0.443362	13.5964	-3.49936	-0.710647	-0.0133184	
-6.07796	21.6316	0.468743	13.5644	-3.49255	-0.70795	-0.0131425	
-6.09274	21.6856	0.493974	13.5326	-3.48573	-0.705241	-0.0129665	
-6.10759	21.7389	0.519053	13.501	-3.47891	-0.702522	-0.0127904	
-6.12249	21.7913	0.543977	13.4696	-3.47209	-0.69979	-0.0126142	
-6.13745	21.8429	0.568747	13.4384	-3.46526	-0.697047	-0.0124381	
-6.15247	21.8937	0.593361	13.4073	-3.45843	-0.694292	-0.012262	
-6.16755	21.9436	0.617819	13.3765	-3.45161	-0.691524	-0.012086	
-6.18269	21.9928	0.642121	13.3458	-3.44479	-0.688744	-0.0119103	
-6.1979	22.0411	0.666268	13.3154	-3.43798	-0.68595	-0.0117349	
-6.21317	22.0886	0.690257	13.2851	-3.43118	-0.683143	-0.0115597	
-6.22851	22.1352	0.714089	13.2551	-3.42439	-0.680323	-0.011385	
-6.24392	22.181	0.737766	13.2253	-3.41762	-0.677489	-0.0112108	
-6.2594	22.226	0.761285	13.1957	-3.41086	-0.67464	-0.011037	
-6.27494	22.2702	0.784648	13.1663	-3.40412	-0.671777	-0.0108638	
-6.29056	22.3135	0.807855	13.1372	-3.39741	-0.668899	-0.0106912	
-6.30626	22.356	0.830907	13.1083	-3.39071	-0.666006	-0.0105193	
-6.32203	22.3976	0.853803	13.0796	-3.38405	-0.663098	-0.0103481	
-6.33788	22.4384	0.876546	13.0511	-3.37741	-0.660174	-0.0101777	
-6.3538	22.4784	0.899134	13.0229	-3.3708	-0.657234	-0.0100082	
-6.36981	22.5176	0.921571	12.995	-3.36422	-0.654277	-0.00983946	
-6.3859	22.5559	0.943856	12.9673	-3.35767	-0.651305	-0.00967175	
-6.40207	22.5933	0.96599	12.9398	-3.35116	-0.648314	-0.00950494	
-6.41832	22.63	0.987974	12.9126	-3.34469	-0.645307	-0.00933914	
-6.43466	22.6658	1.00981	12.8856	-3.33825	-0.642282	-0.00917441	
-6.45109	22.7008	1.0315	12.8589	-3.33186	-0.639239	-0.00901077	
-6.4676	22.735	1.05304	12.8325	-3.32551	-0.636177	-0.00884827	
-6.48421	22.7683	1.07444	12.8062	-3.3192	-0.633098	-0.00868695	
-6.50091	22.8008	1.09569	12.7803	-3.31294	-0.629999	-0.00852685	
-6.5177	22.8325	1.1168	12.7546	-3.30672	-0.626881	-0.008368	
-6.53458	22.8634	1.13778	12.7292	-3.30056	-0.623744	-0.00821044	
-6.55156	22.8935	1.15861	12.704	-3.29444	-0.620588	-0.00805419	
-6.56863	22.9227	1.17931	12.6791	-3.28837	-0.617411	-0.0078993	
-6.5858	22.9512	1.19987	12.6544	-3.28236	-0.614215	-0.00774578	
-6.60307	22.9788	1.22029	12.63	-3.2764	-0.610997	-0.00759368	
-6.62044	23.0057	1.24059	12.6059	-3.2705	-0.60776	-0.00744302	
-6.63791	23.0318	1.26075	12.582	-3.26466	-0.604501	-0.00729382	
-6.65548	23.0571	1.28079	12.5584	-3.25887	-0.601221	-0.0071461	
-6.67316	23.0815	1.3007	12.535	-3.25314	-0.597919	-0.0069999	
-6.69094	23.1053	1.32048	12.5119	-3.24747	-0.594596	-0.00685522	
-6.70882	23.1282	1.34014	12.4891	-3.24186	-0.591251	-0.0067121	
-6.72681	23.1504	1.35968	12.4665	-3.23631	-0.587884	-0.00657056	
-6.74491	23.1718	1.3791	12.4442	-3.23083	-0.584494	-0.0064306	
-6.76311	23.1924	1.3984	12.4221	-3.22541	-0.581082	-0.00629224	
-6.78142	23.2123	1.41759	12.4003	-3.22005	-0.577647	-0.00615551	
-6.79985	23.2314	1.43666	12.3787	-3.21476	-0.574189	-0.00602042	
-6.81838	23.2498	1.45562	12.3574	-3.20954	-0.570708	-0.00588697	
-6.83702	23.2674	1.47448	12.3363	-3.20438	-0.567204	-0.00575517	
-6.85577	23.2843	1.49322	12.3155	-3.19928	-0.563676	-0.00562505	
-6.87464	23.3005	1.51185	12.2949	-3.19426	-0.560125	-0.0054966	
-6.89362	23.3159	1.53039	12.2746	-3.1893	-0.55655	-0.00536983	
-6.91271	23.3307	1.54882	12.2545	-3.18441	-0.552951	-0.00524475	
-6.93191	23.3447	1.56714	12.2346	-3.17959	-0.549327	-0.00512137	
-6.95123	23.358	1.58537	12.215	-3.17484	-0.54568	-0.00499964	
-6.97066	23.3706	1.6035	12.1956	-3.17015	-0.54201	-0.00487963	
-6.99021	23.3825	1.62154	12.1764	-3.16554	-0.538314	-0.00476136	
-7.00988	23.3938	1.63948	12.1575	-3.161	-0.534593	-0.00464478	
-7.02966	23.4043	1.65733	12.1388	-3.15652	-0.530847	-0.00452991	
-7.04955	23.4142	1.67509	12.1203	-3.15212	-0.527077	-0.00441674	
-7.06957	23.4234	1.69277	12.1021	-3.14779	-0.523282	-0.00430527	
-7.08969	23.4319	1.71035	12.084	-3.14352	-0.519462	-0.00419549	
-7.10994	23.4398	1.72785	12.0662	-3.13933	-0.515615	-0.00408746	
-7.13031	23.447	1.74527	12.0486	-3.1352	-0.511746	-0.00398105	
-7.11583	23.3716	1.7662	11.9686	-3.10325	-0.512551	-0.00366446	
-6.97245	23.0989	1.74343	11.6973	-3.01568	-0.524556	-0.00335721	
-6.85921	22.7671	1.72549	11.45	-2.94672	-0.52882	-0.0029893	
-6.76945	22.4056	1.71247	11.226	-2.89138	-0.528239	-0.00260248	
-6.69919	22.0368	1.70419	11.0257	-2.8467	-0.52473	-0.00222364	
-6.59293	21.6271	1.65082	10.7284	-2.75997	-0.52685	-0.00031668	
-6.52498	21.2004	1.62615	10.4988	-2.70592	-0.523673	0.000827776	
-6.48257	20.7979	1.61719	10.32	-2.67092	-0.518252	0.00154003	
-6.45784	20.4329	1.61719	10.1801	-2.64765	-0.511933	0.00198928	
-6.44616	20.1078	1.62254	10.0706	-2.63206	-0.505427	0.00227428	
-6.44432	19.8191	1.63123	9.9849	-2.62175	-0.499058	0.0024542	
-6.44999	19.5615	1.64205	9.91763	-2.61514	-0.492957	0.00256618	
-6.46147	19.3296	1.65426	9.8647	-2.6112	-0.487152	0.002633	
-6.47742	19.1186	1.66739	9.8228	-2.60921	-0.48163	0.00267013	
-6.49682	18.9241	1.68114	9.78935	-2.60865	-0.476359	0.0026876	
-6.51886	18.7425	1.69531	9.76225	-2.60913	-0.471298	0.00269243	
-6.54298	18.5713	1.70976	9.74015	-2.61041	-0.46641	0.00268844	
-6.56867	18.4081	1.7244	9.72176	-2.61226	-0.46166	0.00267902	
-6.59561	18.2511	1.7392	9.70623	-2.61456	-0.457017	0.00266539	
-6.62348	18.0992	1.75405	9.69282	-2.61715	-0.452462	0.00265031	
-6.65211	17.9514	1.76896	9.68108	-2.62	-0.447973	0.00263367	
-6.6813	17.8065	1.78391	9.67054	-2.62301	-0.443533	0.00261628	
-6.71096	17.6643	1.79889	9.66099	-2.62617	-0.439131	0.00259828	
-6.74095	17.524	1.81388	9.65208	-2.62941	-0.434756	0.00258027	
-6.77127	17.3857	1.82885	9.64383	-2.63274	-0.430401	0.00256181	
-6.80182	17.2488	1.84384	9.63596	-2.63612	-0.42606	0.00254351	
-6.83256	17.1131	1.85881	9.62844	-2.63954	-0.421728	0.00252516	
-6.86347	16.9786	1.87378	9.62117	-2.64299	-0.417402	0.00250689	
-6.89451	16.8451	1.88873	9.6141	-2.64646	-0.413079	0.00248871	
-6.92568	16.7125	1.90367	9.60722	-2.64995	-0.408756	0.00247055	
-6.95694	16.5806	1.9186	9.6004	-2.65345	-0.404432	0.00245261	
-6.9883	16.4495	1.93351	9.59369	-2.65696	-0.400105	0.00243469	
-7.01974	16.3191	1.94841	9.58706	-2.66047	-0.395774	0.00241689	
-7.05126	16.1895	1.96329	9.58049	-2.66398	-0.391438	0.00239915	
-7.08286	16.0605	1.97816	9.57399	-2.6675	-0.387097	0.00238143	
-7.11452	15.9321	1.99301	9.5675	-2.67101	-0.38275	0.00236387	
-7.14626	15.8045	2.00784	9.56108	-2.67453	-0.378396	0.00234629	
-7.17806	15.6774	2.02265	9.55468	-2.67804	-0.374035	0.00232876	
-7.20993	15.5509	2.03745	9.5483	-2.68156	-0.369668	0.00231127	
-7.24186	15.4251	2.05223	9.54197	-2.68508	-0.365292	0.00229377	
-7.27384	15.2998	2.067	9.53562	-2.68858	-0.36091	0.00227646	
-7.30588	15.1751	2.08176	9.52929	-2.69209	-0.356519	0.00225916	
-7.33798	15.051	2.09649	9.52296	-2.69559	-0.35212	0.00224189	
-7.37014	14.9274	2.11121	9.51666	-2.6991	-0.347713	0.00222466	
-7.40235	14.8044	2.12591	9.51036	-2.70259	-0.343297	0.0022075	
-7.43464	14.6821	2.1406	9.50409	-2.70609	-0.338872	0.0021903	
-7.46699	14.5603	2.15526	9.49787	-2.70959	-0.334439	0.00217306	
-7.49939	14.4391	2.16992	9.49163	-2.71309	-0.329997	0.0021559	
-7.53186	14.3185	2.18455	9.48543	-2.71659	-0.325547	0.0021387	
-7.56438	14.1984	2.19917	9.47921	-2.72008	-0.321087	0.00212161	
-7.59697	14.0789	2.21377	9.47302	-2.72357	-0.316619	0.00210445	
-7.62961	13.96	2.22835	9.46684	-2.72705	-0.312141	0.00208733	
-7.66233	13.8416	2.24292	9.46069	-2.73054	-0.307653	0.00207017	
-7.69509	13.7238	2.25747	9.45452	-2.73403	-0.303157	0.00205308	
-7.72792	13.6066	2.272	9.44838	-2.73751	-0.298651	0.00203594	
-7.7608	13.4898	2.28653	9.44223	-2.74099	-0.294135	0.00201887	
-7.79374	13.3737	2.30103	9.43609	-2.74447	-0.28961	0.00200178	
-7.82674	13.258	2.31552	9.42995	-2.74795	-0.285075	0.00198468	
-7.8598	13.143	2.32999	9.42382	-2.75142	-0.280529	0.00196763	
-7.89295	13.0286	2.34444	9.41776	-2.7549	-0.275975	0.00195044	
-7.92552	12.9156	2.35851	9.41098	-2.75798	-0.271351	0.00193881	
-7.95894	12.802	2.37302	9.40505	-2.76154	-0.266789	0.00192034	
-7.99241	12.689	2.3875	9.39913	-2.7651	-0.262214	0.00190205	
-8.0259	12.5766	2.40194	9.39318	-2.76863	-0.257628	0.00188404	
-8.05942	12.4648	2.41635	9.38721	-2.77214	-0.25303	0.00186624	
-8.09298	12.3534	2.43075	9.3812	-2.77564	-0.24842	0.00184862	
-8.12659	12.2427	2.44512	9.3752	-2.77914	-0.243799	0.00183107	
-8.16026	12.1325	2.45946	9.36921	-2.78263	-0.239166	0.00181358	
-8.19398	12.0228	2.47379	9.36322	-2.78611	-0.234523	0.00179613	
-8.22775	11.9137	2.4881	9.35721	-2.78959	-0.229868	0.00177873	
-8.26159	11.8052	2.50238	9.35124	-2.79307	-0.225203	0.00176129	
-8.29549	11.6972	2.51665	9.34527	-2.79655	-0.220526	0.00174386	
-8.32943	11.5896	2.53091	9.33926	-2.80001	-0.215839	0.00172646	
-8.36344	11.4826	2.54515	9.33327	-2.80348	-0.21114	0.00170904	
-8.39752	11.3761	2.55937	9.3273	-2.80695	-0.206431	0.00169156	
-8.43165	11.2702	2.57358	9.32132	-2.81042	-0.201711	0.00167409	
-8.46587	11.1648	2.58776	9.31539	-2.81389	-0.19698	0.00165655	
-8.50013	11.0599	2.60193	9.30943	-2.81736	-0.192238	0.00163902	
-8.53446	10.9556	2.61609	9.3035	-2.82083	-0.187486	0.00162146	
-8.56885	10.8517	2.63023	9.29755	-2.8243	-0.182722	0.00160385	
-8.60331	10.7483	2.64436	9.29161	-2.82776	-0.177947	0.0015862	
-8.63783	10.6455	2.65846	9.28568	-2.83123	-0.173162	0.00156853	
-8.67242	10.5431	2.67256	9.27975	-2.8347	-0.168365	0.0015508	
-8.70707	10.4413	2.68663	9.27384	-2.83817	-0.163557	0.00153304	
-8.74178	10.34	2.7007	9.26793	-2.84164	-0.158739	0.00151522	
-8.77655	10.2391	2.71475	9.26199	-2.8451	-0.153909	0.00149739	
-8.81139	10.1387	2.72878	9.25608	-2.84857	-0.149068	0.0014795	
-8.8463	10.0389	2.74281	9.25016	-2.85204	-0.144217	0.00146156	
-8.88127	9.93953	2.75681	9.24426	-2.85551	-0.139354	0.00144359	
-8.91631	9.84067	2.7708	9.23836	-2.85898	-0.13448	0.00142555	
-8.95142	9.74234	2.78477	9.23248	-2.86245	-0.129595	0.00140747	
-8.98658	9.64437	2.79873	9.22656	-2.86592	-0.124698	0.00138926	
-9.02183	9.54705	2.81267	9.2207	-2.8694	-0.119792	0.0013711	
-9.05713	9.45013	2.82661	9.21482	-2.87287	-0.114875	0.00135287	
-9.09249	9.3537	2.84051	9.20892	-2.87634	-0.109945	0.00133465	
-9.12792	9.25777	2.85441	9.20304	-2.87982	-0.105004	0.00131633	
-9.16342	9.16229	2.8683	9.19716	-2.88329	-0.100052	0.00129795	
-9.19899	9.06731	2.88217	9.1913	-2.88677	-0.0950916	0.00127952	
-9.23463	8.97281	2.89602	9.18545	-2.89025	-0.0901193	0.00126101	
-9.27034	8.87878	2.90986	9.17959	-2.89373	-0.0851356	0.00124246	
-9.30611	8.78522	2.92369	9.17373	-2.89721	-0.0801409	0.00122387	
-9.34194	8.69212	2.9375	9.16787	-2.90069	-0.0751352	0.00120522	
-9.37783	8.59946	2.95129	9.162	-2.90417	-0.0701184	0.00118651	
-9.4138	8.5073	2.96508	9.15615	-2.90766	-0.0650916	0.00116779	
-9.44982	8.41553	2.97884	9.15026	-2.91114	-0.0600516	0.00114893	
-9.48591	8.32426	2.9926	9.1444	-2.91462	-0.0550018	0.00113004	
-9.52207	8.23346	3.00634	9.13854	-2.91811	-0.049941	0.0011111	
-9.55831	8.14313	3.02006	9.13268	-2.92159	-0.044869	0.00109211	
-9.59462	8.05324	3.03377	9.12684	-2.92509	-0.0397883	0.00107301	
-9.63098	7.96379	3.04746	9.12098	-2.92857	-0.0346947	0.00105391	
-9.66739	7.87477	3.06114	9.1151	-2.93206	-0.02959	0.00103473	
-9.70389	7.7862	3.07481	9.10923	-2.93555	-0.0244751	0.00101548	
-9.74045	7.6981	3.08846	9.10338	-2.93904	-0.0193496	0.000996169	
-9.77708	7.61045	3.10209	9.09751	-2.94254	-0.0142129	0.00097683	
-9.81378	7.52324	3.11571	9.09166	-2.94604	-0.00906621	0.000957387	
-9.85054	7.4364	3.12933	9.08578	-2.94953	-0.00390891	0.000937876	
-9.88737	7.35006	3.14292	9.07992	-2.95303	0.00125893	0.000918314	
-9.92427	7.26413	3.1565	9.07405	-2.95653	0.00643716	0.000898688	
-9.96124	7.17864	3.17007	9.06819	-2.96003	0.0116248	0.000878992	
-9.99826	7.09357	3.18362	9.06231	-2.96353	0.0168246	0.000859268	
-10.0354	7.00892	3.19716	9.05643	-2.96703	0.0220343	0.000839441	
-10.0725	6.92472	3.21068	9.05055	-2.97054	0.0272552	0.000819603	
-10.1098	6.84094	3.22419	9.04468	-2.97404	0.0324852	0.000799643	
-10.1471	6.75757	3.23768	9.0388	-2.97755	0.0377256	0.000779626	
-10.1844	6.67463	3.25116	9.03293	-2.98106	0.042976	0.00075954	
-10.2218	6.59209	3.26462	9.02703	-2.98457	0.0482388	0.000739417	
-10.2594	6.50997	3.27808	9.02114	-2.98808	0.0535088	0.000719197	
-10.2969	6.42825	3.29152	9.01524	-2.9916	0.0587897	0.00069891	
-10.3346	6.34695	3.30494	9.00935	-2.99511	0.0640796	0.000678561	
-10.3722	6.26601	3.31836	9.00342	-2.99862	0.0693799	0.000658129	
-10.41	6.18552	3.33176	8.99751	-3.00214	0.0746904	0.000637664	
-10.4479	6.10547	3.34514	8.99162	-3.00566	0.0800103	0.000617142	
-10.4858	6.02579	3.3585	8.98571	-3.00918	0.0853397	0.000596534	
-10.5237	5.94652	3.37186	8.9798	-3.01271	0.0906789	0.000575837	
-10.5618	5.8676	3.38521	8.97386	-3.01623	0.0960274	0.000555061	
-10.5999	5.78911	3.39854	8.96794	-3.01976	0.101385	0.000534245	
-10.6381	5.71104	3.41185	8.96202	-3.02329	0.106753	0.000513376	
-10.6763	5.63333	3.42515	8.9561	-3.02682	0.112127	0.000492348	
-10.7146	5.556	3.43844	8.95015	-3.03035	0.117514	0.000471349	
-10.753	5.47907	3.45171	8.9442	-3.03388	0.122909	0.000450279	
-10.7914	5.40254	3.46498	8.93826	-3.03742	0.128313	0.000429096	
-10.8299	5.32638	3.47822	8.93231	-3.04096	0.133726	0.00040787	
-10.8685	5.25059	3.49146	8.92634	-3.04449	0.139148	0.000386574	
-10.9071	5.1752	3.50468	8.92038	-3.04803	0.144578	0.000365231	
-10.9458	5.10017	3.51788	8.91439	-3.05157	0.150018	0.000343832	
-10.9846	5.0255	3.53107	8.9084	-3.05511	0.155466	0.00032233	
-11.0235	4.95124	3.54425	8.90241	-3.05865	0.160923	0.000300817	
-11.0624	4.87733	3.55741	8.89642	-3.0622	0.166388	0.0002792	
-11.1013	4.80378	3.57056	8.89041	-3.06574	0.171862	0.000257482	
-11.1404	4.7306	3.5837	8.8844	-3.06929	0.177344	0.000235705	
-11.1795	4.65779	3.59682	8.87838	-3.07284	0.182834	0.000213879	
-11.2186	4.58533	3.60994	8.87234	-3.07638	0.188333	0.000191971	
-11.2579	4.51324	3.62303	8.86631	-3.07993	0.193839	0.000170002	
-11.2972	4.44151	3.63611	8.86027	-3.08349	0.199353	0.00014797	
-11.3366	4.37013	3.64919	8.85422	-3.08704	0.204875	0.000125857	
-11.376	4.29911	3.66224	8.84817	-3.0906	0.210405	0.000103678	
-11.4155	4.22845	3.67529	8.84211	-3.09416	0.215942	8.14342e-05	
-11.4551	4.15812	3.68832	8.83603	-3.09772	0.221487	5.91141e-05	
-11.4947	4.08816	3.70134	8.82996	-3.10128	0.227039	3.6749e-05	
-11.5344	4.01853	3.71434	8.82387	-3.10484	0.232599	1.43016e-05	
-11.5742	3.94925	3.72733	8.81777	-3.1084	0.238165	-8.21512e-06	
-11.614	3.88032	3.74031	8.81166	-3.11196	0.243739	-3.07949e-05	
-11.6539	3.81173	3.75327	8.80555	-3.11553	0.24932	-5.34435e-05	
-11.6939	3.74348	3.76622	8.79944	-3.1191	0.254908	-7.61641e-05	
-11.7339	3.67556	3.77916	8.79331	-3.12267	0.260502	-9.8953e-05	
-11.774	3.60798	3.79209	8.78717	-3.12624	0.266103	-0.000121796	
-11.8142	3.54074	3.805	8.78103	-3.12981	0.271711	-0.000144699	
-11.8544	3.47382	3.8179	8.77487	-3.13339	0.277324	-0.000167669	
-11.8947	3.40724	3.83079	8.76871	-3.13696	0.282944	-0.000190716	
-11.9351	3.34097	3.84366	8.76253	-3.14053	0.288571	-0.000213846	
-11.9755	3.27504	3.85652	8.75635	-3.14411	0.294204	-0.000237028	
-12.016	3.20943	3.86937	8.75015	-3.14769	0.299843	-0.000260285	
-12.0566	3.14413	3.8822	8.74395	-3.15127	0.305487	-0.000283605	
-12.0972	3.07917	3.89502	8.73774	-3.15485	0.311138	-0.000306983	
-12.1379	3.01452	3.90783	8.73151	-3.15843	0.316794	-0.000330429	
-12.1787	2.95019	3.92063	8.72528	-3.16202	0.322456	-0.000353929	
-12.2195	2.88607	3.93341	8.719	-3.1656	0.328126	-0.000377752	
-12.2604	2.82241	3.94618	8.71277	-3.16919	0.333797	-0.000401281	
-12.3013	2.75899	3.95894	8.70648	-3.17277	0.339474	-0.000425005	
-12.3423	2.69593	3.97168	8.70023	-3.17636	0.345156	-0.000448709	
-12.3834	2.63316	3.98442	8.69395	-3.17995	0.350843	-0.000472511	
-12.4246	2.5707	3.99713	8.68766	-3.18354	0.356536	-0.000496375	
-12.4658	2.50854	4.00984	8.68136	-3.18713	0.362233	-0.000520319	
-12.5071	2.44682	4.02254	8.67512	-3.19073	0.367931	-0.00054411	
-12.5485	2.38524	4.03522	8.66879	-3.19433	0.373638	-0.000568235	
-12.5899	2.32396	4.04789	8.66245	-3.19792	0.379349	-0.000592405	
-12.6313	2.26297	4.06054	8.65609	-3.20151	0.385064	-0.000616655	
-12.6729	2.2023	4.07318	8.64973	-3.20511	0.390782	-0.000640923	
-12.7145	2.14191	4.08582	8.64336	-3.20871	0.396505	-0.000665276	
-12.7562	2.08182	4.09843	8.63698	-3.21231	0.402231	-0.000689681	
-12.7979	2.02202	4.11104	8.6306	-3.21591	0.407961	-0.000714128	
-12.8397	1.96252	4.12363	8.6242	-3.21951	0.413694	-0.000738636	
-12.8815	1.9033	4.13621	8.61779	-3.22311	0.419431	-0.000763211	
-12.9235	1.84437	4.14878	8.61137	-3.22671	0.425171	-0.000787824	
-12.9655	1.78576	4.16134	8.60496	-3.23032	0.430914	-0.000812435	
-13.0075	1.72738	4.17388	8.59851	-3.23392	0.436661	-0.000837221	
-13.0496	1.66929	4.18641	8.59205	-3.23752	0.44241	-0.00086204	
-13.0918	1.61148	4.19893	8.58559	-3.24113	0.448161	-0.000886901	
-13.1341	1.55394	4.21144	8.5791	-3.24473	0.453917	-0.000911856	
-13.1764	1.49669	4.22394	8.57262	-3.24834	0.459673	-0.000936832	
-13.2188	1.4397	4.23642	8.56612	-3.25195	0.465433	-0.00096188	
-13.2612	1.38299	4.24889	8.55961	-3.25555	0.471194	-0.00098699	
-13.3037	1.32654	4.26135	8.55308	-3.25916	0.476958	-0.00101217	
-13.3463	1.27039	4.27379	8.54656	-3.26277	0.482724	-0.00103734	
-13.3889	1.21448	4.28623	8.54001	-3.26638	0.488491	-0.00106263	
-13.4316	1.15883	4.29865	8.53345	-3.26999	0.494261	-0.00108798	
-13.4743	1.10347	4.31106	8.52688	-3.2736	0.500031	-0.00111335	
-13.5171	1.04835	4.32346	8.5203	-3.27721	0.505803	-0.0011388	
-13.56	0.993504	4.33585	8.5137	-3.28082	0.511577	-0.00116429	
-13.603	0.938921	4.34822	8.5071	-3.28444	0.517352	-0.00118983	
-13.646	0.884614	4.36059	8.5005	-3.28805	0.523126	-0.0012154	
-13.689	0.830541	4.37294	8.49387	-3.29166	0.528903	-0.00124105	
-13.7322	0.776719	4.38528	8.48723	-3.29528	0.53468	-0.00126677	
-13.7754	0.723156	4.3976	8.48058	-3.29889	0.540457	-0.00129253	
-13.8186	0.669846	4.40992	8.47392	-3.3025	0.546236	-0.00131834	
-13.8619	0.616784	4.42222	8.46725	-3.30612	0.552015	-0.00134422	
-13.9053	0.56396	4.43452	8.46055	-3.30973	0.557793	-0.00137017	
-13.9487	0.511403	4.4468	8.45386	-3.31334	0.563572	-0.00139612	
-13.9922	0.459088	4.45906	8.44715	-3.31695	0.56935	-0.00142214	
-14.0358	0.407011	4.47132	8.44042	-3.32057	0.575128	-0.00144823	
-14.0794	0.355185	4.48357	8.43369	-3.32418	0.580906	-0.00147435	
-14.1231	0.303603	4.4958	8.42694	-3.3278	0.586684	-0.00150051	
-14.1669	0.252262	4.50802	8.42019	-3.33141	0.592461	-0.00152672	
-14.2107	0.201159	4.52024	8.41342	-3.33502	0.598237	-0.00155299	
-14.2681	0.190074	4.536	8.42423	-3.33569	0.608698	-0.00165093	
-14.3235	0.171628	4.55111	8.43246	-3.33743	0.618473	-0.0017389	
-14.377	0.147619	4.56557	8.43841	-3.3399	0.627613	-0.00181692	
-14.429	0.119375	4.57943	8.44242	-3.34284	0.6362	-0.00188595	
-14.479	0.0870989	4.59268	8.44423	-3.34599	0.644343	-0.00194823	
-14.5287	0.0534313	4.6056	8.44544	-3.34951	0.652069	-0.00200264	
-14.5772	0.0176874	4.61814	8.44539	-3.35314	0.659488	-0.00205217	
-14.6252	-0.0191761	4.63037	8.44459	-3.3569	0.666649	-0.00209682	
-14.672	-0.0579795	4.6423	8.44252	-3.36064	0.673616	-0.00213941	
-14.7186	-0.0971841	4.65403	8.44006	-3.36444	0.680419	-0.0021786	
-14.7647	-0.137	4.66559	8.43708	-3.36827	0.687094	-0.00221556	
-14.8105	-0.177291	4.677	8.43365	-3.3721	0.693666	-0.00225088	
-14.8561	-0.217912	4.68829	8.42987	-3.37594	0.700155	-0.00228488	
-14.9014	-0.258758	4.69949	8.42579	-3.37977	0.706578	-0.00231783	
-14.9466	-0.299756	4.7106	8.42146	-3.3836	0.712948	-0.00235001	
-14.9916	-0.340878	4.72166	8.41693	-3.38742	0.71927	-0.00238159	
-15.0365	-0.38206	4.73264	8.41217	-3.39122	0.725565	-0.00241282	
-15.0814	-0.423104	4.74359	8.40737	-3.39504	0.731825	-0.00244341	
-15.1266	-0.463681	4.75453	8.40272	-3.39889	0.738057	-0.00247306	
-15.1714	-0.504728	4.76541	8.39764	-3.40269	0.74427	-0.00250354	
-15.2161	-0.545872	4.77626	8.3924	-3.40647	0.750457	-0.00253385	
-15.261	-0.586594	4.78708	8.38722	-3.41025	0.756638	-0.00256368	
-15.3059	-0.627193	4.79789	8.38199	-3.41404	0.762804	-0.00259342	
-15.3509	-0.6675	4.80869	8.37682	-3.41784	0.768954	-0.00262286	
-15.3958	-0.707848	4.81946	8.37148	-3.42161	0.775094	-0.00265255	
-15.4408	-0.748039	4.83022	8.36612	-3.42538	0.781222	-0.00268218	
-15.4855	-0.788507	4.84093	8.36046	-3.42911	0.78734	-0.00271251	
-15.5307	-0.828294	4.85167	8.35509	-3.43289	0.793444	-0.00274191	
-15.5756	-0.868236	4.86238	8.3495	-3.43663	0.799539	-0.00277184	
-15.6209	-0.907672	4.8731	8.3441	-3.4404	0.805622	-0.00280118	
-15.666	-0.947195	4.8838	8.33853	-3.44415	0.811696	-0.00283093	
-15.7113	-0.986418	4.8945	8.33302	-3.4479	0.817759	-0.00286044	
-15.7567	-1.02542	4.90519	8.32752	-3.45166	0.823812	-0.00288984	
-15.802	-1.06435	4.91587	8.32194	-3.4554	0.829856	-0.00291953	
-15.8476	-1.10294	4.92656	8.31647	-3.45917	0.83589	-0.00294899	
-15.893	-1.1417	4.93721	8.31077	-3.4629	0.841912	-0.00297895	
-15.9386	-1.17996	4.94788	8.30525	-3.46665	0.847924	-0.00300839	
-15.9841	-1.21843	4.95851	8.29948	-3.47036	0.853927	-0.00303843	
-16.0296	-1.25673	4.96914	8.29369	-3.47407	0.85992	-0.00306845	
-16.0755	-1.29444	4.9798	8.28817	-3.47782	0.865901	-0.00309781	
-16.1213	-1.33203	4.99044	8.28261	-3.48157	0.871872	-0.00312728	
-16.1674	-1.36934	5.0011	8.27711	-3.48533	0.877832	-0.00315665	
-16.2132	-1.40689	5.0117	8.27132	-3.48903	0.883783	-0.00318655	
-16.2592	-1.44405	5.02233	8.26567	-3.49276	0.889722	-0.00321619	
-16.3053	-1.48107	5.03294	8.25999	-3.49649	0.89565	-0.00324587	
-16.3515	-1.51784	5.04355	8.25436	-3.50022	0.901568	-0.00327547	
-16.3976	-1.55465	5.05414	8.24858	-3.50392	0.907474	-0.00330532	
-16.4439	-1.59105	5.06475	8.24295	-3.50765	0.913372	-0.00333489	
-16.4902	-1.62749	5.07533	8.23718	-3.51136	0.919253	-0.00336469	
-16.5364	-1.66381	5.08591	8.23137	-3.51505	0.925123	-0.00339458	
-16.5828	-1.69998	5.09647	8.22554	-3.51874	0.930981	-0.00342448	
-16.6292	-1.73598	5.10703	8.21971	-3.52244	0.936827	-0.00345435	
-16.6756	-1.772	5.11758	8.21375	-3.5261	0.942659	-0.00348451	
-16.722	-1.80777	5.12812	8.20784	-3.52978	0.948479	-0.0035145	
-16.7687	-1.84322	5.13867	8.20202	-3.53347	0.954289	-0.00354423	
-16.8154	-1.87853	5.14922	8.19619	-3.53715	0.960085	-0.00357397	
-16.8621	-1.91382	5.15975	8.19025	-3.54082	0.965869	-0.00360396	
-16.9088	-1.94893	5.17028	8.18433	-3.54449	0.971639	-0.00363388	
-16.9556	-1.98388	5.1808	8.17839	-3.54815	0.977396	-0.00366369	
-17.0025	-2.01859	5.19132	8.1725	-3.55182	0.983141	-0.00369347	
-17.0495	-2.05326	5.20184	8.16654	-3.55547	0.988873	-0.00372346	
-17.0964	-2.08775	5.21235	8.16058	-3.55912	0.994591	-0.00375337	
-17.1435	-2.12212	5.22285	8.15458	-3.56277	1.00029	-0.00378326	
-17.1906	-2.15633	5.23335	8.14859	-3.56641	1.00599	-0.00381316	
-17.2377	-2.19043	5.24384	8.14256	-3.57005	1.01166	-0.00384316	
-17.2849	-2.22434	5.25433	8.13655	-3.57369	1.01733	-0.00387308	
-17.3322	-2.25817	5.26481	8.13048	-3.57731	1.02297	-0.00390308	
-17.3795	-2.29183	5.27529	8.12442	-3.58094	1.02861	-0.003933	
-17.4269	-2.32529	5.28576	8.11839	-3.58457	1.03423	-0.0039628	
-17.4742	-2.35874	5.29623	8.11226	-3.58817	1.03983	-0.00399286	
-17.5217	-2.39201	5.30669	8.10615	-3.59178	1.04542	-0.00402285	
-17.5692	-2.4251	5.31715	8.10004	-3.59539	1.051	-0.00405276	
-17.6168	-2.4581	5.3276	8.09389	-3.59898	1.05656	-0.00408272	
-17.6644	-2.49094	5.33805	8.08774	-3.60258	1.06211	-0.00411265	
-17.7121	-2.52363	5.34849	8.08158	-3.60617	1.06764	-0.00414256	
-17.7597	-2.55621	5.3589	8.07531	-3.60972	1.07319	-0.00417289	
-17.8075	-2.58867	5.36935	8.06913	-3.61331	1.07869	-0.00420269	
-17.8554	-2.62098	5.37978	8.06295	-3.61689	1.08416	-0.00423247	
-17.9033	-2.65318	5.39021	8.05673	-3.62046	1.08963	-0.00426233	
-17.9513	-2.68522	5.40064	8.05052	-3.62403	1.09508	-0.00429214	
-17.9993	-2.71713	5.41106	8.04428	-3.62759	1.10051	-0.00432195	
-18.0474	-2.74888	5.42148	8.03806	-3.63115	1.10593	-0.00435169	
-18.0955	-2.78054	5.43189	8.03179	-3.6347	1.11134	-0.00438153	
-18.1436	-2.81206	5.4423	8.02551	-3.63824	1.11673	-0.00441135	
-18.1918	-2.84347	5.4527	8.01921	-3.64178	1.1221	-0.00444115	
-18.2401	-2.87473	5.4631	8.01291	-3.64531	1.12745	-0.00447089	
-18.2884	-2.90588	5.4735	8.00659	-3.64884	1.13279	-0.00450063	
-18.3368	-2.93689	5.48389	8.00026	-3.65236	1.13812	-0.00453035	
-18.3852	-2.96778	5.49428	7.99392	-3.65587	1.14342	-0.00456008	
-18.4337	-2.99855	5.50466	7.98756	-3.65938	1.14871	-0.00458983	
-18.4822	-3.0292	5.51504	7.98119	-3.66288	1.15398	-0.00461955	
-18.5308	-3.05971	5.52542	7.97482	-3.66638	1.15924	-0.00464918	
-18.6198	-3.20057	5.56509	7.97712	-3.70382	1.16127	-0.00548404	
-18.704	-3.30903	5.59967	7.98125	-3.73529	1.16408	-0.00617668	
-18.7825	-3.39438	5.62978	7.98433	-3.76135	1.16735	-0.00674123	
-18.8554	-3.46352	5.65625	7.98507	-3.7828	1.17089	-0.00719622	
-18.9235	-3.52139	5.67985	7.983	-3.80046	1.17458	-0.00756034	
-18.9875	-3.57141	5.70121	7.97812	-3.81505	1.17838	-0.00785046	
-19.0482	-3.61603	5.72089	7.97071	-3.82721	1.18221	-0.00808083	
-19.106	-3.65686	5.73924	7.96099	-3.83739	1.18609	-0.00826392	
-19.1617	-3.69505	5.7566	7.94938	-3.84603	1.19	-0.00840934	
-19.2158	-3.73135	5.77321	7.93621	-3.85347	1.19391	-0.00852479	
-19.2685	-3.76632	5.78926	7.92177	-3.85996	1.19782	-0.00861684	
-19.3202	-3.80034	5.80486	7.90628	-3.86569	1.20172	-0.0086904	
-19.371	-3.83364	5.82013	7.88999	-3.87083	1.20562	-0.00874953	
-19.4213	-3.86641	5.83514	7.87306	-3.87551	1.20951	-0.00879739	
-19.4712	-3.89876	5.84996	7.85564	-3.87983	1.21339	-0.0088364	
-19.5207	-3.93079	5.86463	7.83784	-3.88386	1.21725	-0.00886843	
-19.57	-3.96257	5.87919	7.81976	-3.88767	1.2211	-0.00889505	
-19.619	-3.99413	5.89364	7.80144	-3.89129	1.22494	-0.00891748	
-19.668	-4.02555	5.90802	7.78296	-3.89477	1.22877	-0.00893684	
-19.7168	-4.05678	5.92234	7.76436	-3.89814	1.23258	-0.00895345	
-19.7657	-4.08788	5.9366	7.74569	-3.90142	1.23638	-0.00896811	
-19.8144	-4.11886	5.95082	7.72697	-3.90463	1.24016	-0.00898118	
-19.8632	-4.14972	5.96501	7.70822	-3.90778	1.24392	-0.0089931	
-19.912	-4.18049	5.97917	7.68946	-3.91089	1.24766	-0.00900417	
-19.9608	-4.21116	5.9933	7.67069	-3.91396	1.25139	-0.0090145	
-20.0096	-4.24174	6.00741	7.65194	-3.91699	1.2551	-0.00902441	
-20.0585	-4.27225	6.02149	7.63319	-3.92	1.25879	-0.0090339	
-20.1073	-4.30266	6.03556	7.61448	-3.92299	1.26246	-0.00904311	
-20.1563	-4.33299	6.04961	7.5958	-3.92596	1.26611	-0.0090521	
-20.2053	-4.36325	6.06366	7.57719	-3.92894	1.26973	-0.00906073	
-20.2544	-4.39341	6.07768	7.55862	-3.93189	1.27333	-0.00906928	
-20.3034	-4.42351	6.09169	7.54006	-3.93482	1.27691	-0.00907793	
-20.3526	-4.4535	6.10568	7.52155	-3.93775	1.28048	-0.00908643	
-20.4017	-4.48343	6.11965	7.50308	-3.94066	1.28403	-0.00909501	
-20.4509	-4.51327	6.1336	7.48464	-3.94356	1.28756	-0.0091036	
-20.5002	-4.54303	6.14753	7.46625	-3.94645	1.29107	-0.00911218	
-20.5495	-4.57273	6.16146	7.44788	-3.94932	1.29456	-0.00912094	
-20.5989	-4.60234	6.17536	7.42957	-3.95219	1.29803	-0.00912962	
-20.6483	-4.63186	6.18925	7.4113	-3.95505	1.30148	-0.00913834	
-20.6977	-4.66131	6.20312	7.39303	-3.95789	1.30493	-0.00914747	
-20.7471	-4.69068	6.21696	7.37482	-3.96072	1.30836	-0.00915643	
-20.7967	-4.71995	6.23081	7.35668	-3.96355	1.31176	-0.00916529	
-20.8463	-4.74917	6.24464	7.33856	-3.96638	1.31513	-0.00917447	
-20.8959	-4.77837	6.25845	7.32046	-3.96918	1.31849	-0.00918385	
-20.9456	-4.80747	6.27226	7.30243	-3.97199	1.32182	-0.00919327	
-20.9953	-4.83647	6.28606	7.28445	-3.97479	1.32513	-0.0092026	
-21.0451	-4.8654	6.29983	7.2665	-3.97758	1.32841	-0.009212	
-21.095	-4.89422	6.31359	7.24862	-3.98036	1.33168	-0.00922125	
-21.1449	-4.92299	6.32735	7.23078	-3.98314	1.33492	-0.00923064	
-21.1948	-4.95169	6.34109	7.21298	-3.98591	1.33814	-0.00924013	
-21.2448	-4.98034	6.35481	7.1952	-3.98867	1.34133	-0.00924978	
-21.2949	-5.00888	6.36853	7.17748	-3.99142	1.34451	-0.00925935	
-21.3449	-5.03737	6.38221	7.15976	-3.99415	1.34767	-0.00926923	
-21.395	-5.06578	6.3959	7.14212	-3.99688	1.35079	-0.00927894	
-21.4453	-5.09405	6.40958	7.12456	-3.99962	1.3539	-0.00928847	
-21.4955	-5.12225	6.42324	7.10703	-4.00234	1.35698	-0.00929815	
-21.5458	-5.15041	6.43689	7.08952	-4.00504	1.36004	-0.00930799	
-21.5962	-5.17847	6.45053	7.07206	-4.00774	1.36308	-0.00931789	
-21.6466	-5.20647	6.46416	7.05464	-4.01043	1.3661	-0.00932789	
-21.697	-5.23437	6.47777	7.03726	-4.01311	1.36909	-0.00933776	
-21.7475	-5.26219	6.49136	7.01993	-4.01578	1.37206	-0.00934753	
-21.798	-5.28995	6.50494	7.00263	-4.01844	1.37501	-0.00935744	
