2.01	
2.012	
2.014	
2.016	
2.018	
2.02	
2.022	
2.024	
2.026	
2.028	
2.03	
2.032	
2.034	
2.036	
2.038	
2.04	
2.042	
2.044	
2.046	
2.048	
2.05	
2.052	
2.054	
2.056	
2.058	
2.06	
2.062	
2.064	
2.066	
2.068	
2.07	
2.072	
2.074	
2.076	
2.078	
2.08	
2.082	
2.084	
2.086	
2.088	
2.09	
2.092	
2.094	
2.096	
2.098	
2.1	
2.102	
2.104	
2.106	
2.108	
2.11	
2.112	
2.114	
2.116	
2.118	
2.12	
2.122	
2.124	
2.126	
2.128	
2.13	
2.132	
2.134	
2.136	
2.138	
2.14	
2.142	
2.144	
2.146	
2.148	
2.15	
2.152	
2.154	
2.156	
2.158	
2.16	
2.162	
2.164	
2.166	
2.168	
2.17	
2.172	
2.174	
2.176	
2.178	
2.18	
2.182	
2.184	
2.186	
2.188	
2.19	
2.192	
2.194	
2.196	
2.198	
2.2	
2.202	
2.204	
2.206	
2.208	
2.21	
2.212	
2.214	
2.216	
2.218	
2.22	
2.222	
2.224	
2.226	
2.228	
2.23	
2.232	
2.234	
2.236	
2.238	
2.24	
2.242	
2.244	
2.246	
2.248	
2.25	
2.252	
2.254	
2.256	
2.258	
2.26	
2.262	
2.264	
2.266	
2.268	
2.27	
2.272	
2.274	
2.276	
2.278	
2.28	
2.282	
2.284	
2.286	
2.288	
2.29	
2.292	
2.294	
2.296	
2.298	
2.3	
2.302	
2.304	
2.306	
2.308	
2.31	
2.312	
2.314	
2.316	
2.318	
2.32	
2.322	
2.324	
2.326	
2.328	
2.33	
2.332	
2.334	
2.336	
2.338	
2.34	
2.342	
2.344	
2.346	
2.348	
2.35	
2.352	
2.354	
2.356	
2.358	
2.36	
2.362	
2.364	
2.366	
2.368	
2.37	
2.372	
2.374	
2.376	
2.378	
2.38	
2.382	
2.384	
2.386	
2.388	
2.39	
2.392	
2.394	
2.396	
2.398	
2.4	
2.402	
2.404	
2.406	
2.408	
2.41	
2.412	
2.414	
2.416	
2.418	
2.42	
2.422	
2.424	
2.426	
2.428	
2.43	
2.432	
2.434	
2.436	
2.438	
2.44	
2.442	
2.444	
2.446	
2.448	
2.45	
2.452	
2.454	
2.456	
2.458	
2.46	
2.462	
2.464	
2.466	
2.468	
2.47	
2.472	
2.474	
2.476	
2.478	
2.48	
2.482	
2.484	
2.486	
2.488	
2.49	
2.492	
2.494	
2.496	
2.498	
2.5	
2.502	
2.504	
2.506	
2.508	
2.51	
2.512	
2.514	
2.516	
2.518	
2.52	
2.522	
2.524	
2.526	
2.528	
2.53	
2.532	
2.534	
2.536	
2.538	
2.54	
2.542	
2.544	
2.546	
2.548	
2.55	
2.552	
2.554	
2.556	
2.558	
2.56	
2.562	
2.564	
2.566	
2.568	
2.57	
2.572	
2.574	
2.576	
2.578	
2.58	
2.582	
2.584	
2.586	
2.588	
2.59	
2.592	
2.594	
2.596	
2.598	
2.6	
2.602	
2.604	
2.606	
2.608	
2.61	
2.612	
2.614	
2.616	
2.618	
2.62	
2.622	
2.624	
2.626	
2.628	
2.63	
2.632	
2.634	
2.636	
2.638	
2.64	
2.642	
2.644	
2.646	
2.648	
2.65	
2.652	
2.654	
2.656	
2.658	
2.66	
2.662	
2.664	
2.666	
2.668	
2.67	
2.672	
2.674	
2.676	
2.678	
2.68	
2.682	
2.684	
2.686	
2.688	
2.69	
2.692	
2.694	
2.696	
2.698	
2.7	
2.702	
2.704	
2.706	
2.708	
2.71	
2.712	
2.714	
2.716	
2.718	
2.72	
2.722	
2.724	
2.726	
2.728	
2.73	
2.732	
2.734	
2.736	
2.738	
2.74	
2.742	
2.744	
2.746	
2.748	
2.75	
2.752	
2.754	
2.756	
2.758	
2.76	
2.762	
2.764	
2.766	
2.768	
2.77	
2.772	
2.774	
2.776	
2.778	
2.78	
2.782	
2.784	
2.786	
2.788	
2.79	
2.792	
2.794	
2.796	
2.798	
2.8	
2.802	
2.804	
2.806	
2.808	
2.81	
2.812	
2.814	
2.816	
2.818	
2.82	
2.822	
2.824	
2.826	
2.828	
2.83	
2.832	
2.834	
2.836	
2.838	
2.84	
2.842	
2.844	
2.846	
2.848	
2.85	
2.852	
2.854	
2.856	
2.858	
2.86	
2.862	
2.864	
2.866	
2.868	
2.87	
2.872	
2.874	
2.876	
2.878	
2.88	
2.882	
2.884	
2.886	
2.888	
2.89	
2.892	
2.894	
2.896	
2.898	
2.9	
2.902	
2.904	
2.906	
2.908	
2.91	
2.912	
2.914	
2.916	
2.918	
2.92	
2.922	
2.924	
2.926	
2.928	
2.93	
2.932	
2.934	
2.936	
2.938	
2.94	
2.942	
2.944	
2.946	
2.948	
2.95	
2.952	
2.954	
2.956	
2.958	
2.96	
2.962	
2.964	
2.966	
2.968	
2.97	
2.972	
2.974	
2.976	
2.978	
2.98	
2.982	
2.984	
2.986	
2.988	
2.99	
2.992	
2.994	
2.996	
2.998	
3	
3.002	
3.004	
3.006	
3.008	
3.01	
3.012	
3.014	
3.016	
3.018	
3.02	
3.022	
3.024	
3.026	
3.028	
3.03	
3.032	
3.034	
3.036	
3.038	
3.04	
3.042	
3.044	
3.046	
3.048	
3.05	
3.052	
3.054	
3.056	
3.058	
3.06	
3.062	
3.064	
3.066	
3.068	
3.07	
3.072	
3.074	
3.076	
3.078	
3.08	
3.082	
3.084	
3.086	
3.088	
3.09	
3.092	
3.094	
3.096	
3.098	
3.1	
3.102	
3.104	
3.106	
3.108	
3.11	
3.112	
3.114	
3.116	
3.118	
3.12	
3.122	
3.124	
3.126	
3.128	
3.13	
3.132	
3.134	
3.136	
3.138	
3.14	
3.142	
3.144	
3.146	
3.148	
3.15	
3.152	
3.154	
3.156	
3.158	
3.16	
3.162	
3.164	
3.166	
3.168	
3.17	
3.172	
3.174	
3.176	
3.178	
3.18	
3.182	
3.184	
3.186	
3.188	
3.19	
3.192	
3.194	
3.196	
3.198	
3.2	
3.202	
3.204	
3.206	
3.208	
3.21	
3.212	
3.214	
3.216	
3.218	
3.22	
3.222	
3.224	
3.226	
3.228	
3.23	
3.232	
3.234	
3.236	
3.238	
3.24	
3.242	
3.244	
3.246	
3.248	
3.25	
3.252	
3.254	
3.256	
3.258	
3.26	
3.262	
3.264	
3.266	
3.268	
3.27	
3.272	
3.274	
3.276	
3.278	
3.28	
3.282	
3.284	
3.286	
3.288	
3.29	
3.292	
3.294	
3.296	
3.298	
3.3	
3.302	
3.304	
3.306	
3.308	
3.31	
3.312	
3.314	
3.316	
3.318	
3.32	
3.322	
3.324	
3.326	
3.328	
3.33	
3.332	
3.334	
3.336	
3.338	
3.34	
3.342	
3.344	
3.346	
3.348	
3.35	
3.352	
3.354	
3.356	
3.358	
3.36	
3.362	
3.364	
3.366	
3.368	
3.37	
3.372	
3.374	
3.376	
3.378	
3.38	
3.382	
3.384	
3.386	
3.388	
3.39	
3.392	
3.394	
3.396	
3.398	
3.4	
3.402	
3.404	
3.406	
3.408	
3.41	
3.412	
3.414	
3.416	
3.418	
3.42	
3.422	
3.424	
3.426	
3.428	
3.43	
3.432	
3.434	
3.436	
3.438	
3.44	
3.442	
3.444	
3.446	
3.448	
3.45	
3.452	
3.454	
3.456	
3.458	
3.46	
3.462	
3.464	
3.466	
3.468	
3.47	
3.472	
3.474	
3.476	
3.478	
3.48	
3.482	
3.484	
3.486	
3.488	
3.49	
3.492	
3.494	
3.496	
3.498	
3.5	
3.502	
3.504	
3.506	
3.508	
3.51	
3.512	
3.514	
3.516	
3.518	
3.52	
3.522	
3.524	
3.526	
3.528	
3.53	
3.532	
3.534	
3.536	
3.538	
3.54	
3.542	
3.544	
3.546	
3.548	
3.55	
3.552	
3.554	
3.556	
3.558	
3.56	
3.562	
3.564	
3.566	
3.568	
3.57	
3.572	
3.574	
3.576	
3.578	
3.58	
3.582	
3.584	
3.586	
3.588	
3.59	
3.592	
3.594	
3.596	
3.598	
3.6	
3.602	
3.604	
3.606	
3.608	
3.61	
3.612	
3.614	
3.616	
3.618	
3.62	
3.622	
3.624	
3.626	
3.628	
3.63	
3.632	
3.634	
3.636	
3.638	
3.64	
3.642	
3.644	
3.646	
3.648	
3.65	
3.652	
3.654	
3.656	
3.658	
3.66	
3.662	
3.664	
3.666	
3.668	
3.67	
3.672	
3.674	
3.676	
3.678	
3.68	
3.682	
3.684	
3.686	
3.688	
3.69	
3.692	
3.694	
3.696	
3.698	
3.7	
3.702	
3.704	
3.706	
3.708	
3.71	
3.712	
3.714	
3.716	
3.718	
3.72	
3.722	
3.724	
3.726	
3.728	
3.73	
3.732	
3.734	
3.736	
3.738	
3.74	
3.742	
3.744	
3.746	
3.748	
3.75	
3.752	
3.754	
3.756	
3.758	
3.76	
3.762	
3.764	
3.766	
3.768	
3.77	
3.772	
3.774	
3.776	
3.778	
3.78	
3.782	
3.784	
3.786	
3.788	
3.79	
3.792	
3.794	
3.796	
3.798	
3.8	
3.802	
3.804	
3.806	
3.808	
3.81	
3.812	
3.814	
3.816	
3.818	
3.82	
3.822	
3.824	
3.826	
3.828	
3.83	
3.832	
3.834	
3.836	
3.838	
3.84	
3.842	
3.844	
3.846	
3.848	
3.85	
3.852	
3.854	
3.856	
3.858	
3.86	
3.862	
3.864	
3.866	
3.868	
3.87	
3.872	
3.874	
3.876	
3.878	
3.88	
3.882	
3.884	
3.886	
3.888	
3.89	
3.892	
3.894	
3.896	
3.898	
3.9	
3.902	
3.904	
3.906	
3.908	
3.91	
3.912	
3.914	
3.916	
3.918	
3.92	
3.922	
3.924	
3.926	
3.928	
3.93	
3.932	
3.934	
3.936	
3.938	
3.94	
3.942	
3.944	
3.946	
3.948	
3.95	
3.952	
3.954	
3.956	
3.958	
3.96	
3.962	
3.964	
3.966	
3.968	
3.97	
3.972	
3.974	
3.976	
3.978	
3.98	
3.982	
3.984	
3.986	
3.988	
3.99	
3.992	
3.994	
3.996	
3.998	
4	
4.002	
4.004	
4.006	
4.008	
4.01	
4.012	
4.014	
4.016	
4.018	
4.02	
4.022	
4.024	
4.026	
4.028	
4.03	
4.032	
4.034	
4.036	
4.038	
4.04	
4.042	
4.044	
4.046	
4.048	
4.05	
4.052	
4.054	
4.056	
4.058	
4.06	
4.062	
4.064	
4.066	
4.068	
4.07	
4.072	
4.074	
4.076	
4.078	
4.08	
4.082	
4.084	
4.086	
4.088	
4.09	
4.092	
4.094	
4.096	
4.098	
4.1	
4.102	
4.104	
4.106	
4.108	
4.11	
4.112	
4.114	
4.116	
4.118	
4.12	
4.122	
4.124	
4.126	
4.128	
4.13	
4.132	
4.134	
4.136	
4.138	
4.14	
4.142	
4.144	
4.146	
4.148	
4.15	
4.152	
4.154	
4.156	
4.158	
4.16	
4.162	
4.164	
4.166	
4.168	
4.17	
4.172	
4.174	
4.176	
4.178	
4.18	
4.182	
4.184	
4.186	
4.188	
4.19	
4.192	
4.194	
4.196	
4.198	
4.2	
4.202	
4.204	
4.206	
4.208	
4.21	
4.212	
4.214	
4.216	
4.218	
4.22	
4.222	
4.224	
4.226	
4.228	
4.23	
4.232	
4.234	
4.236	
4.238	
4.24	
4.242	
4.244	
4.246	
4.248	
4.25	
4.252	
4.254	
4.256	
4.258	
4.26	
4.262	
4.264	
4.266	
4.268	
4.27	
4.272	
4.274	
4.276	
4.278	
4.28	
4.282	
4.284	
4.286	
4.288	
4.29	
4.292	
4.294	
4.296	
4.298	
4.3	
4.302	
4.304	
4.306	
4.308	
4.31	
4.312	
4.314	
4.316	
4.318	
4.32	
4.322	
4.324	
4.326	
4.328	
4.33	
4.332	
4.334	
4.336	
4.338	
4.34	
4.342	
4.344	
4.346	
4.348	
4.35	
4.352	
4.354	
4.356	
4.358	
4.36	
4.362	
4.364	
4.366	
4.368	
4.37	
4.372	
4.374	
4.376	
4.378	
4.38	
4.382	
4.384	
4.386	
4.388	
4.39	
4.392	
4.394	
4.396	
4.398	
4.4	
4.402	
4.404	
4.406	
4.408	
4.41	
4.412	
4.414	
4.416	
4.418	
4.42	
4.422	
4.424	
4.426	
4.428	
4.43	
4.432	
4.434	
4.436	
4.438	
4.44	
4.442	
4.444	
4.446	
4.448	
4.45	
4.452	
4.454	
4.456	
4.458	
4.46	
4.462	
4.464	
4.466	
4.468	
4.47	
4.472	
4.474	
4.476	
4.478	
4.48	
4.482	
4.484	
4.486	
4.488	
4.49	
4.492	
4.494	
4.496	
4.498	
4.5	
4.502	
4.504	
4.506	
4.508	
4.51	
4.512	
4.514	
4.516	
4.518	
4.52	
4.522	
4.524	
4.526	
4.528	
4.53	
4.532	
4.534	
4.536	
4.538	
4.54	
4.542	
4.544	
4.546	
4.548	
4.55	
4.552	
4.554	
4.556	
4.558	
4.56	
4.562	
4.564	
4.566	
4.568	
4.57	
4.572	
4.574	
4.576	
4.578	
4.58	
4.582	
4.584	
4.586	
4.588	
4.59	
4.592	
4.594	
4.596	
4.598	
4.6	
4.602	
4.604	
4.606	
4.608	
4.61	
4.612	
4.614	
4.616	
4.618	
4.62	
4.622	
4.624	
4.626	
4.628	
4.63	
4.632	
4.634	
4.636	
4.638	
4.64	
4.642	
4.644	
4.646	
4.648	
4.65	
4.652	
4.654	
4.656	
4.658	
4.66	
4.662	
4.664	
4.666	
4.668	
4.67	
4.672	
4.674	
4.676	
4.678	
4.68	
4.682	
4.684	
4.686	
4.688	
4.69	
4.692	
4.694	
4.696	
4.698	
4.7	
4.702	
4.704	
4.706	
4.708	
4.71	
4.712	
4.714	
4.716	
4.718	
4.72	
4.722	
4.724	
4.726	
4.728	
4.73	
4.732	
4.734	
4.736	
4.738	
4.74	
4.742	
4.744	
4.746	
4.748	
4.75	
4.752	
4.754	
4.756	
4.758	
4.76	
4.762	
4.764	
4.766	
4.768	
4.77	
4.772	
4.774	
4.776	
4.778	
4.78	
4.782	
4.784	
4.786	
4.788	
4.79	
4.792	
4.794	
4.796	
4.798	
4.8	
4.802	
4.804	
4.806	
4.808	
4.81	
4.812	
4.814	
4.816	
4.818	
4.82	
4.822	
4.824	
4.826	
4.828	
4.83	
4.832	
4.834	
4.836	
4.838	
4.84	
4.842	
4.844	
4.846	
4.848	
4.85	
4.852	
4.854	
4.856	
4.858	
4.86	
4.862	
4.864	
4.866	
4.868	
4.87	
4.872	
4.874	
4.876	
4.878	
4.88	
4.882	
4.884	
4.886	
4.888	
4.89	
4.892	
4.894	
4.896	
4.898	
4.9	
4.902	
4.904	
4.906	
4.908	
4.91	
4.912	
4.914	
4.916	
4.918	
4.92	
4.922	
4.924	
4.926	
4.928	
4.93	
4.932	
4.934	
4.936	
4.938	
4.94	
4.942	
4.944	
4.946	
4.948	
4.95	
4.952	
4.954	
4.956	
4.958	
4.96	
4.962	
4.964	
4.966	
4.968	
4.97	
4.972	
4.974	
4.976	
4.978	
4.98	
4.982	
4.984	
4.986	
4.988	
4.99	
4.992	
4.994	
4.996	
4.998	
5	
5.002	
5.004	
5.006	
5.008	
5.01	
5.012	
5.014	
5.016	
5.018	
5.02	
5.022	
5.024	
5.026	
5.028	
5.03	
5.032	
5.034	
5.036	
5.038	
5.04	
5.042	
5.044	
5.046	
5.048	
5.05	
5.052	
5.054	
5.056	
5.058	
5.06	
5.062	
5.064	
5.066	
5.068	
5.07	
5.072	
5.074	
5.076	
5.078	
5.08	
5.082	
5.084	
5.086	
5.088	
5.09	
5.092	
5.094	
5.096	
5.098	
5.1	
5.102	
5.104	
5.106	
5.108	
5.11	
5.112	
5.114	
5.116	
5.118	
5.12	
5.122	
5.124	
5.126	
5.128	
5.13	
5.132	
5.134	
5.136	
5.138	
5.14	
5.142	
5.144	
5.146	
5.148	
5.15	
5.152	
5.154	
5.156	
5.158	
5.16	
5.162	
5.164	
5.166	
5.168	
5.17	
5.172	
5.174	
5.176	
5.178	
5.18	
5.182	
5.184	
5.186	
5.188	
5.19	
5.192	
5.194	
5.196	
5.198	
5.2	
5.202	
5.204	
5.206	
5.208	
5.21	
5.212	
5.214	
5.216	
5.218	
5.22	
5.222	
5.224	
5.226	
5.228	
5.23	
5.232	
5.234	
5.236	
5.238	
5.24	
5.242	
5.244	
5.246	
5.248	
5.25	
5.252	
5.254	
5.256	
5.258	
5.26	
5.262	
5.264	
5.266	
5.268	
5.27	
5.272	
5.274	
5.276	
5.278	
5.28	
5.282	
5.284	
5.286	
5.288	
5.29	
5.292	
5.294	
5.296	
5.298	
5.3	
5.302	
5.304	
5.306	
5.308	
5.31	
5.312	
5.314	
5.316	
5.318	
5.32	
5.322	
5.324	
5.326	
5.328	
5.33	
5.332	
5.334	
5.336	
5.338	
5.34	
5.342	
5.344	
5.346	
5.348	
5.35	
5.352	
5.354	
5.356	
5.358	
5.36	
5.362	
5.364	
5.366	
5.368	
5.37	
5.372	
5.374	
5.376	
5.378	
5.38	
5.382	
5.384	
5.386	
5.388	
5.39	
5.392	
5.394	
5.396	
5.398	
5.4	
5.402	
5.404	
5.406	
5.408	
5.41	
5.412	
5.414	
5.416	
5.418	
5.42	
5.422	
5.424	
5.426	
5.428	
5.43	
5.432	
5.434	
5.436	
5.438	
5.44	
5.442	
5.444	
5.446	
5.448	
5.45	
5.452	
5.454	
5.456	
5.458	
5.46	
5.462	
5.464	
5.466	
5.468	
5.47	
5.472	
5.474	
5.476	
5.478	
5.48	
5.482	
5.484	
5.486	
5.488	
5.49	
5.492	
5.494	
5.496	
5.498	
5.5	
5.502	
5.504	
5.506	
5.508	
5.51	
5.512	
5.514	
5.516	
5.518	
5.52	
5.522	
5.524	
5.526	
5.528	
5.53	
5.532	
5.534	
5.536	
5.538	
5.54	
5.542	
5.544	
5.546	
5.548	
5.55	
5.552	
5.554	
5.556	
5.558	
5.56	
5.562	
5.564	
5.566	
5.568	
5.57	
5.572	
5.574	
5.576	
5.578	
5.58	
5.582	
5.584	
5.586	
5.588	
5.59	
5.592	
5.594	
5.596	
5.598	
5.6	
5.602	
5.604	
5.606	
5.608	
5.61	
5.612	
5.614	
5.616	
5.618	
5.62	
5.622	
5.624	
5.626	
5.628	
5.63	
5.632	
5.634	
5.636	
5.638	
5.64	
5.642	
5.644	
5.646	
5.648	
5.65	
5.652	
5.654	
5.656	
5.658	
5.66	
5.662	
5.664	
5.666	
5.668	
5.67	
5.672	
5.674	
5.676	
5.678	
5.68	
5.682	
5.684	
5.686	
5.688	
5.69	
5.692	
5.694	
5.696	
5.698	
5.7	
5.702	
5.704	
5.706	
5.708	
5.71	
5.712	
5.714	
5.716	
5.718	
5.72	
5.722	
5.724	
5.726	
5.728	
5.73	
5.732	
5.734	
5.736	
5.738	
5.74	
5.742	
5.744	
5.746	
5.748	
5.75	
5.752	
5.754	
5.756	
5.758	
5.76	
5.762	
5.764	
5.766	
5.768	
5.77	
5.772	
5.774	
5.776	
5.778	
5.78	
5.782	
5.784	
5.786	
5.788	
5.79	
5.792	
5.794	
5.796	
5.798	
5.8	
5.802	
5.804	
5.806	
5.808	
5.81	
5.812	
5.814	
5.816	
5.818	
5.82	
5.822	
5.824	
5.826	
5.828	
5.83	
5.832	
5.834	
5.836	
5.838	
5.84	
5.842	
5.844	
5.846	
5.848	
5.85	
5.852	
5.854	
5.856	
5.858	
5.86	
5.862	
5.864	
5.866	
5.868	
5.87	
5.872	
5.874	
5.876	
5.878	
5.88	
5.882	
5.884	
5.886	
5.888	
5.89	
5.892	
5.894	
5.896	
5.898	
5.9	
5.902	
5.904	
5.906	
5.908	
5.91	
5.912	
5.914	
5.916	
5.918	
5.92	
5.922	
5.924	
5.926	
5.928	
5.93	
5.932	
5.934	
5.936	
5.938	
5.94	
5.942	
5.944	
5.946	
5.948	
5.95	
5.952	
5.954	
5.956	
5.958	
5.96	
5.962	
5.964	
5.966	
5.968	
5.97	
5.972	
5.974	
5.976	
5.978	
5.98	
5.982	
5.984	
5.986	
5.988	
5.99	
5.992	
5.994	
5.996	
5.998	
6	
6.002	
6.004	
6.006	
6.008	
