-0.582268	-0.609048	-0.669714	0.529404	0.0201786	-0.132194	0.0800066	
-0.580734	-0.607228	-0.6706	0.523867	0.0185727	-0.128749	0.0728651	
-0.579194	-0.605415	-0.671481	0.518369	0.0169701	-0.125329	0.0657609	
-0.577651	-0.603608	-0.672355	0.512904	0.0153774	-0.121929	0.0586945	
-0.576104	-0.601809	-0.673222	0.507472	0.0137946	-0.11855	0.0516657	
-0.574554	-0.600016	-0.674083	0.502072	0.0122231	-0.115191	0.0446747	
-0.573	-0.59823	-0.674937	0.496704	0.0106618	-0.111852	0.0377221	
-0.571443	-0.596452	-0.675784	0.491369	0.0091107	-0.108534	0.0308077	
-0.569883	-0.594679	-0.676625	0.486065	0.00756982	-0.105235	0.0239316	
-0.568319	-0.592914	-0.677458	0.480794	0.00603932	-0.101957	0.0170938	
-0.566755	-0.591154	-0.678286	0.475554	0.00451941	-0.0986995	0.0102945	
-0.565186	-0.589402	-0.679106	0.470346	0.00300966	-0.0954619	0.00353357	
-0.563615	-0.587657	-0.679919	0.465169	0.00150922	-0.0922446	-0.00318879	
-0.560435	-0.585447	-0.676721	0.455862	-0.0209836	-0.0876855	-0.392442	
-0.54141	-0.584398	-0.65509	0.438196	-0.149843	-0.0920532	-0.711222	
-0.52849	-0.582438	-0.640973	0.422221	-0.239144	-0.0906877	-0.920272	
-0.519491	-0.580004	-0.631904	0.407868	-0.301498	-0.0864557	-1.05905	
-0.513026	-0.57736	-0.626235	0.394996	-0.345362	-0.0809626	-1.15214	
-0.508209	-0.574658	-0.622859	0.383435	-0.376453	-0.075087	-1.21509	
-0.504475	-0.572002	-0.621036	0.373021	-0.398654	-0.0692866	-1.25799	
-0.501455	-0.569423	-0.620254	0.363597	-0.414633	-0.0637777	-1.2874	
-0.498909	-0.566957	-0.62017	0.355019	-0.426228	-0.0586389	-1.3077	
-0.496683	-0.564604	-0.620551	0.347165	-0.434713	-0.0538879	-1.32182	
-0.494673	-0.56236	-0.621237	0.339926	-0.440978	-0.0495032	-1.33172	
-0.492813	-0.56022	-0.622121	0.333212	-0.445646	-0.0454502	-1.33872	
-0.491057	-0.558176	-0.62313	0.326943	-0.449152	-0.0416863	-1.34373	
-0.489374	-0.556216	-0.624213	0.321055	-0.451812	-0.0381731	-1.34736	
-0.487743	-0.554333	-0.625339	0.315492	-0.453846	-0.0348751	-1.35003	
-0.486151	-0.552516	-0.626484	0.310207	-0.455413	-0.0317601	-1.35203	
-0.484588	-0.550757	-0.627637	0.305161	-0.456629	-0.0288012	-1.35355	
-0.483046	-0.549053	-0.628788	0.30032	-0.457582	-0.0259754	-1.35473	
-0.48152	-0.547388	-0.629928	0.295657	-0.458322	-0.0232647	-1.35566	
-0.480008	-0.545762	-0.631056	0.291149	-0.458901	-0.0206523	-1.35642	
-0.478504	-0.544169	-0.632169	0.286774	-0.459354	-0.0181252	-1.35704	
-0.477008	-0.542606	-0.633266	0.282517	-0.459706	-0.0156722	-1.35756	
-0.475518	-0.541069	-0.634346	0.278362	-0.459975	-0.0132839	-1.35801	
-0.474033	-0.539553	-0.635411	0.274298	-0.460178	-0.0109525	-1.35839	
-0.472553	-0.538058	-0.636458	0.270314	-0.460326	-0.00867222	-1.35873	
-0.471076	-0.536579	-0.63749	0.266402	-0.460429	-0.00643688	-1.35902	
-0.469602	-0.535116	-0.638506	0.262555	-0.460491	-0.0042413	-1.35928	
-0.46813	-0.533666	-0.639507	0.258765	-0.460518	-0.00208283	-1.35952	
-0.466659	-0.532228	-0.640493	0.255027	-0.460521	4.12457e-05	-1.35973	
-0.468001	-0.482986	-0.76133	0.0789638	-0.38488	0.544603	-1.39224	
-0.467923	-0.434367	-0.867796	-0.0967435	-0.338854	1.04344	-1.43842	
-0.366369	-0.209332	-1.14339	-0.859056	-0.606641	2.15008	-1.87968	
-0.330589	-0.0786502	-1.30805	-1.3174	-0.734859	2.90435	-2.10875	
-0.322121	-0.00167926	-1.40685	-1.59856	-0.799304	3.41443	-2.23131	
-0.323986	0.0443996	-1.46702	-1.77476	-0.833054	3.76151	-2.29794	
-0.31249	0.260949	-1.67771	-2.27039	-0.757466	4.39077	-2.42265	
-0.313558	0.42262	-1.82777	-2.62695	-0.683722	4.84038	-2.4976	
-0.318516	0.5452	-1.93753	-2.88946	-0.619921	5.16605	-2.5453	
-0.323976	0.638792	-2.01909	-3.08491	-0.567123	5.40296	-2.57664	
-0.328701	0.710439	-2.0804	-3.2311	-0.524144	5.57495	-2.59745	
-0.332349	0.765292	-2.12686	-3.34049	-0.489252	5.69883	-2.61117	
-0.334935	0.807217	-2.16231	-3.42208	-0.460768	5.78682	-2.61991	
-0.336604	0.839154	-2.18953	-3.48256	-0.437254	5.84786	-2.6251	
-0.337526	0.863362	-2.21056	-3.52692	-0.41755	5.88861	-2.62768	
-0.33786	0.88158	-2.22693	-3.55893	-0.400745	5.91405	-2.62834	
-0.337741	0.895151	-2.23977	-3.58149	-0.386136	5.92792	-2.62756	
-0.337276	0.905114	-2.24994	-3.59677	-0.373192	5.93302	-2.62571	
-0.33655	0.912274	-2.25808	-3.60646	-0.361504	5.93147	-2.62305	
-0.335625	0.917256	-2.26468	-3.61183	-0.350771	5.92488	-2.61978	
-0.334554	0.920544	-2.27012	-3.61388	-0.340759	5.91446	-2.61606	
-0.333374	0.922514	-2.27467	-3.61336	-0.331295	5.90113	-2.61199	
-0.33211	0.923456	-2.27856	-3.61085	-0.32225	5.88559	-2.60765	
-0.330783	0.923597	-2.28193	-3.60681	-0.313526	5.86837	-2.60312	
-0.329411	0.923112	-2.28493	-3.60157	-0.305048	5.84987	-2.59845	
-0.328005	0.922138	-2.28764	-3.59541	-0.296758	5.8304	-2.59367	
-0.326574	0.92078	-2.29013	-3.58853	-0.288618	5.81019	-2.5888	
-0.325125	0.919121	-2.29247	-3.58108	-0.280592	5.78943	-2.58389	
-0.323662	0.917225	-2.2947	-3.5732	-0.272658	5.76824	-2.57893	
-0.322191	0.915142	-2.29684	-3.56497	-0.264796	5.74674	-2.57394	
-0.320715	0.912909	-2.29892	-3.55646	-0.256992	5.725	-2.56894	
-0.319235	0.910557	-2.30096	-3.54774	-0.249238	5.70308	-2.56392	
-0.317754	0.908109	-2.30298	-3.53885	-0.241523	5.68103	-2.5589	
-0.316272	0.905584	-2.30499	-3.52981	-0.233843	5.65889	-2.55388	
-0.314792	0.902995	-2.30699	-3.52067	-0.226193	5.63668	-2.54886	
-0.313314	0.900353	-2.30899	-3.51143	-0.218569	5.61442	-2.54385	
-0.311844	0.897666	-2.311	-3.50211	-0.210966	5.59213	-2.53885	
-0.310371	0.894942	-2.31301	-3.49272	-0.203392	5.56983	-2.53385	
-0.308903	0.892186	-2.31504	-3.48328	-0.195839	5.54751	-2.52886	
-0.307441	0.889401	-2.31707	-3.47379	-0.188307	5.5252	-2.52388	
-0.305984	0.88659	-2.31912	-3.46425	-0.180797	5.5029	-2.51892	
-0.304532	0.883756	-2.32118	-3.45468	-0.173309	5.4806	-2.51396	
-0.303087	0.880901	-2.32325	-3.44507	-0.16584	5.45832	-2.50902	
-0.301649	0.878026	-2.32534	-3.43542	-0.158393	5.43605	-2.50409	
-0.300216	0.875132	-2.32744	-3.42575	-0.15097	5.4138	-2.49918	
-0.298792	0.87222	-2.32955	-3.41604	-0.143569	5.39158	-2.49428	
-0.297374	0.86929	-2.33167	-3.40631	-0.136193	5.36937	-2.48939	
-0.295964	0.866344	-2.33379	-3.39654	-0.128841	5.34719	-2.48451	
-0.294563	0.863381	-2.33593	-3.38675	-0.121516	5.32504	-2.47965	
-0.293174	0.860407	-2.33808	-3.37694	-0.114218	5.30291	-2.47478	
-0.291788	0.857411	-2.34023	-3.36709	-0.106948	5.2808	-2.46995	
-0.290409	0.854397	-2.34238	-3.35722	-0.0997078	5.25872	-2.46513	
-0.289041	0.851369	-2.34454	-3.34733	-0.0924977	5.23667	-2.46032	
-0.287683	0.848326	-2.34669	-3.33741	-0.0853193	5.21464	-2.45552	
-0.286334	0.845268	-2.34885	-3.32746	-0.0781738	5.19264	-2.45074	
-0.284995	0.842194	-2.35101	-3.31749	-0.0710605	5.17067	-2.44597	
-0.283667	0.839103	-2.35316	-3.30749	-0.0639854	5.14873	-2.44122	
-0.282349	0.835996	-2.3553	-3.29746	-0.056947	5.12682	-2.43647	
-0.281042	0.832874	-2.35744	-3.28741	-0.0499466	5.10493	-2.43174	
-0.279745	0.829735	-2.35957	-3.27734	-0.042984	5.08308	-2.42702	
-0.27846	0.826582	-2.36169	-3.26724	-0.0360651	5.06125	-2.42232	
-0.277186	0.823411	-2.3638	-3.25711	-0.0291891	5.03946	-2.41763	
-0.275924	0.820225	-2.36589	-3.24696	-0.0223571	5.01769	-2.41295	
-0.274674	0.817023	-2.36796	-3.23678	-0.0155706	4.99595	-2.40828	
-0.273436	0.813804	-2.37002	-3.22658	-0.00883131	4.97425	-2.40363	
-0.272211	0.81057	-2.37205	-3.21635	-0.00213995	4.95257	-2.39899	
-0.270998	0.807319	-2.37407	-3.2061	0.00449955	4.93093	-2.39436	
-0.283674	0.807538	-2.41479	-3.19265	0.12246	4.92119	-2.35681	
-0.29184	0.807065	-2.4473	-3.18036	0.213443	4.90877	-2.32874	
-0.29634	0.805219	-2.47339	-3.16889	0.284187	4.89428	-2.30716	
-0.299802	0.803891	-2.49416	-3.15775	0.339383	4.87811	-2.29107	
-0.301812	0.80216	-2.51105	-3.14697	0.382957	4.86074	-2.2786	
-0.302843	0.800104	-2.5249	-3.13642	0.417735	4.84245	-2.26875	
-0.30321	0.797785	-2.53641	-3.126	0.445852	4.82344	-2.26079	
-0.303123	0.795253	-2.5461	-3.11565	0.468919	4.80389	-2.25422	
-0.302723	0.792549	-2.5544	-3.10532	0.488153	4.78391	-2.24864	
-0.302107	0.789703	-2.56163	-3.095	0.504475	4.76363	-2.24379	
-0.301341	0.786742	-2.56802	-3.08467	0.518578	4.7431	-2.23946	
-0.300473	0.783686	-2.57378	-3.07431	0.530989	4.7224	-2.23551	
-0.299534	0.780551	-2.57903	-3.06391	0.542103	4.70156	-2.23185	
-0.298547	0.777348	-2.5839	-3.05349	0.55222	4.68063	-2.2284	
-0.297529	0.774088	-2.58846	-3.04303	0.561565	4.65963	-2.22508	
-0.296494	0.77078	-2.59278	-3.03253	0.570308	4.63859	-2.22186	
-0.295448	0.76743	-2.59689	-3.02199	0.578577	4.61752	-2.21873	
-0.294401	0.764042	-2.60084	-3.01142	0.58647	4.59643	-2.21566	
-0.293357	0.76062	-2.60465	-3.00081	0.594057	4.57534	-2.21263	
-0.292317	0.757166	-2.60833	-2.99016	0.601393	4.55425	-2.20964	
-0.291284	0.753685	-2.6119	-2.97949	0.608518	4.53316	-2.20667	
-0.290263	0.750176	-2.61537	-2.96878	0.615461	4.51209	-2.20373	
-0.289254	0.746644	-2.61874	-2.95803	0.622244	4.49104	-2.2008	
-0.288257	0.743086	-2.62203	-2.94726	0.628883	4.47	-2.19788	
-0.287275	0.739504	-2.62522	-2.93645	0.635389	4.44899	-2.19498	
-0.286309	0.735899	-2.62832	-2.92562	0.64177	4.428	-2.19208	
-0.285358	0.732272	-2.63133	-2.91475	0.64803	4.40703	-2.18919	
-0.284422	0.728625	-2.63424	-2.90385	0.654171	4.38609	-2.18631	
-0.283504	0.724957	-2.63707	-2.89293	0.660199	4.36518	-2.18343	
-0.282603	0.721268	-2.63979	-2.88198	0.666111	4.3443	-2.18055	
-0.281719	0.717557	-2.64242	-2.871	0.671907	4.32344	-2.17768	
-0.280852	0.713826	-2.64495	-2.85999	0.677586	4.30261	-2.17481	
-0.280005	0.710075	-2.64737	-2.84895	0.683147	4.28182	-2.17195	
-0.279174	0.706305	-2.64968	-2.83789	0.688587	4.26106	-2.16909	
-0.27836	0.702514	-2.65188	-2.82681	0.693899	4.24032	-2.16624	
-0.277566	0.698704	-2.65397	-2.81569	0.699092	4.21962	-2.16338	
-0.276791	0.694875	-2.65593	-2.80455	0.704158	4.19895	-2.16054	
-0.276035	0.691026	-2.65778	-2.79339	0.709093	4.17832	-2.15769	
-0.275298	0.687158	-2.6595	-2.78221	0.713895	4.15772	-2.15484	
-0.274581	0.683273	-2.66109	-2.771	0.718561	4.13716	-2.152	
-0.273882	0.679369	-2.66255	-2.75976	0.723087	4.11663	-2.14916	
-0.273202	0.675447	-2.66387	-2.74851	0.727472	4.09614	-2.14631	
-0.272541	0.671508	-2.66505	-2.73723	0.731712	4.07569	-2.14347	
-0.271899	0.66755	-2.66609	-2.72594	0.735804	4.05527	-2.14064	
-0.271277	0.663575	-2.66698	-2.71462	0.739746	4.0349	-2.1378	
-0.270673	0.659583	-2.66772	-2.70329	0.743535	4.01456	-2.13496	
-0.270088	0.655574	-2.66831	-2.69194	0.747167	3.99426	-2.13212	
-0.269516	0.651543	-2.66874	-2.68057	0.750636	3.97401	-2.12927	
-0.268971	0.647503	-2.66901	-2.66919	0.753949	3.95379	-2.12643	
-0.268442	0.643446	-2.66912	-2.65779	0.757099	3.93362	-2.12359	
-0.267928	0.63937	-2.66906	-2.64637	0.760082	3.91349	-2.12076	
-0.267441	0.635285	-2.66883	-2.63494	0.762896	3.8934	-2.11792	
-0.266971	0.631191	-2.66843	-2.6235	0.765535	3.87336	-2.11508	
-0.266517	0.627077	-2.66785	-2.61205	0.768005	3.85337	-2.11223	
-0.266082	0.62295	-2.6671	-2.60059	0.7703	3.83343	-2.10939	
-0.265662	0.618807	-2.66616	-2.58913	0.772416	3.81354	-2.10652	
-0.265263	0.614654	-2.66505	-2.57765	0.774353	3.79369	-2.10368	
-0.26488	0.610492	-2.66374	-2.56617	0.776107	3.77389	-2.10083	
-0.264515	0.606317	-2.66225	-2.55468	0.777678	3.75415	-2.09798	
-0.264166	0.60213	-2.66057	-2.54319	0.779063	3.73446	-2.09512	
-0.263833	0.597934	-2.65869	-2.5317	0.780263	3.71482	-2.09226	
-0.263517	0.593728	-2.65662	-2.5202	0.781272	3.69524	-2.08939	
-0.263217	0.589514	-2.65436	-2.50871	0.782091	3.67571	-2.08653	
-0.262933	0.585291	-2.65189	-2.49722	0.782722	3.65624	-2.08366	
-0.262664	0.581062	-2.64923	-2.48573	0.783156	3.63683	-2.08078	
-0.262413	0.576829	-2.64636	-2.47424	0.783398	3.61747	-2.07789	
-0.262171	0.572585	-2.64329	-2.46276	0.783445	3.59818	-2.07501	
-0.261948	0.568339	-2.64002	-2.45129	0.783299	3.57894	-2.0721	
-0.261734	0.564085	-2.63655	-2.43983	0.782955	3.55977	-2.06921	
-0.261534	0.559827	-2.63286	-2.42838	0.782415	3.54067	-2.06632	
-0.261347	0.555566	-2.62897	-2.41693	0.781678	3.52163	-2.06342	
-0.261173	0.551304	-2.62488	-2.40551	0.780744	3.50265	-2.06051	
-0.26101	0.547039	-2.62057	-2.39409	0.779612	3.48374	-2.0576	
-0.260858	0.542774	-2.61606	-2.3827	0.778284	3.4649	-2.05468	
-0.260713	0.538511	-2.61134	-2.37132	0.776766	3.44613	-2.05175	
-0.260589	0.534244	-2.60641	-2.35996	0.775037	3.42743	-2.04882	
-0.260467	0.529982	-2.60128	-2.34862	0.773119	3.40879	-2.04589	
-0.260355	0.525721	-2.59593	-2.33731	0.771005	3.39024	-2.04294	
-0.260252	0.521464	-2.59038	-2.32602	0.768696	3.37175	-2.04	
-0.260156	0.517211	-2.58463	-2.31475	0.766193	3.35334	-2.03704	
-0.260069	0.512963	-2.57867	-2.30351	0.763497	3.33501	-2.03408	
-0.259987	0.50872	-2.5725	-2.29231	0.760608	3.31675	-2.03111	
-0.259912	0.504484	-2.56613	-2.28113	0.757528	3.29858	-2.02814	
-0.259843	0.500255	-2.55956	-2.26998	0.75426	3.28048	-2.02515	
-0.259777	0.496033	-2.55279	-2.25887	0.750802	3.26246	-2.02217	
-0.259717	0.491821	-2.54582	-2.24779	0.747158	3.24452	-2.01917	
-0.25966	0.487618	-2.53865	-2.23675	0.74333	3.22666	-2.01617	
-0.259607	0.483427	-2.53129	-2.22574	0.739318	3.20888	-2.01316	
-0.259556	0.479246	-2.52373	-2.21478	0.735123	3.19119	-2.01015	
-0.259504	0.475076	-2.51598	-2.20385	0.730753	3.17358	-2.00712	
-0.259457	0.47092	-2.50805	-2.19297	0.726205	3.15606	-2.0041	
-0.259409	0.466779	-2.49992	-2.18213	0.721483	3.13863	-2.00106	
-0.259361	0.462652	-2.49161	-2.17133	0.716587	3.12128	-1.99802	
-0.259312	0.458541	-2.48312	-2.16059	0.711523	3.10401	-1.99497	
-0.259262	0.454446	-2.47445	-2.14988	0.706292	3.08684	-1.99192	
-0.259209	0.450368	-2.4656	-2.13923	0.700897	3.06976	-1.98886	
-0.259154	0.446307	-2.45659	-2.12863	0.695342	3.05276	-1.98579	
-0.259096	0.442266	-2.4474	-2.11808	0.689626	3.03585	-1.98271	
-0.259033	0.438242	-2.43804	-2.10758	0.683759	3.01904	-1.97963	
-0.258966	0.434238	-2.42852	-2.09713	0.677737	3.00232	-1.97654	
-0.258894	0.430254	-2.41884	-2.08674	0.671566	2.98569	-1.97344	
-0.258816	0.426291	-2.409	-2.0764	0.665249	2.96915	-1.97034	
-0.258733	0.42235	-2.39901	-2.06612	0.65879	2.9527	-1.96723	
-0.258642	0.418433	-2.38886	-2.0559	0.652191	2.93635	-1.96412	
-0.258543	0.41454	-2.37858	-2.04573	0.645457	2.92009	-1.96099	
-0.258434	0.410669	-2.36815	-2.03563	0.63859	2.90392	-1.95787	
-0.258326	0.406817	-2.35758	-2.02559	0.631595	2.88785	-1.95473	
-0.2582	0.402998	-2.34687	-2.0156	0.624473	2.87188	-1.95159	
-0.258067	0.399203	-2.33603	-2.00568	0.617231	2.856	-1.94845	
-0.257923	0.395435	-2.32507	-1.99582	0.60987	2.84021	-1.94529	
-0.257769	0.391694	-2.31398	-1.98603	0.602395	2.82452	-1.94214	
-0.257604	0.387979	-2.30278	-1.9763	0.594809	2.80892	-1.93897	
-0.257427	0.38429	-2.29145	-1.96663	0.587111	2.79343	-1.93581	
-0.257239	0.380633	-2.28002	-1.95703	0.579316	2.77802	-1.93263	
-0.257039	0.377003	-2.26848	-1.9475	0.571421	2.76271	-1.92946	
-0.256826	0.373403	-2.25683	-1.93803	0.56343	2.7475	-1.92627	
-0.2566	0.369834	-2.24509	-1.92863	0.555347	2.73238	-1.92309	
-0.25636	0.366293	-2.23325	-1.91929	0.547175	2.71736	-1.91989	
-0.256105	0.362783	-2.22131	-1.91003	0.538919	2.70244	-1.91669	
-0.255837	0.359304	-2.20929	-1.90083	0.530581	2.68761	-1.91349	
-0.255557	0.355857	-2.19719	-1.8917	0.522166	2.67287	-1.91029	
-0.255259	0.352441	-2.185	-1.88264	0.513678	2.65824	-1.90708	
-0.254947	0.349057	-2.17274	-1.87365	0.505119	2.64369	-1.90386	
-0.254619	0.345704	-2.16041	-1.86473	0.496494	2.62925	-1.90065	
-0.254275	0.342385	-2.14801	-1.85588	0.487806	2.61489	-1.89742	
-0.253915	0.339099	-2.13555	-1.8471	0.479058	2.60063	-1.8942	
-0.25354	0.335846	-2.12302	-1.83839	0.470256	2.58646	-1.89097	
-0.253147	0.332623	-2.11044	-1.82975	0.461403	2.57239	-1.88774	
-0.252738	0.329436	-2.0978	-1.82118	0.452495	2.55841	-1.8845	
-0.252315	0.326289	-2.08512	-1.81267	0.443543	2.54451	-1.88127	
-0.251871	0.32317	-2.07239	-1.80424	0.434554	2.53072	-1.87803	
-0.251411	0.320086	-2.05962	-1.79589	0.425526	2.51702	-1.87479	
-0.250934	0.317037	-2.04681	-1.7876	0.416462	2.50341	-1.87154	
-0.25044	0.314021	-2.03396	-1.77938	0.407365	2.48989	-1.8683	
-0.249928	0.311041	-2.02108	-1.77123	0.398241	2.47646	-1.86505	
-0.2494	0.308096	-2.00818	-1.76315	0.389091	2.46312	-1.8618	
-0.248853	0.305189	-1.99524	-1.75514	0.379917	2.44987	-1.85855	
-0.248289	0.302312	-1.98229	-1.7472	0.370725	2.43671	-1.8553	
-0.247707	0.299476	-1.96932	-1.73933	0.361513	2.42364	-1.85204	
-0.247108	0.296667	-1.95633	-1.73153	0.352289	2.41065	-1.84879	
-0.246491	0.293896	-1.94333	-1.7238	0.343055	2.39776	-1.84554	
-0.245857	0.291158	-1.93031	-1.71614	0.333811	2.38495	-1.84228	
-0.245204	0.288455	-1.91729	-1.70854	0.324562	2.37222	-1.83903	
-0.244535	0.285788	-1.90427	-1.70102	0.31531	2.35958	-1.83577	
-0.243848	0.283157	-1.89124	-1.69356	0.306057	2.34703	-1.83252	
-0.243143	0.280562	-1.87822	-1.68617	0.296804	2.33455	-1.82926	
-0.24242	0.277999	-1.8652	-1.67885	0.287559	2.32217	-1.82601	
-0.241681	0.275473	-1.85218	-1.67159	0.278319	2.30986	-1.82275	
-0.240925	0.272978	-1.83917	-1.6644	0.269088	2.29764	-1.81951	
-0.240152	0.270522	-1.82618	-1.65728	0.259869	2.2855	-1.81626	
-0.239361	0.268099	-1.81319	-1.65022	0.250664	2.27344	-1.813	
-0.238554	0.265713	-1.80022	-1.64323	0.241475	2.26146	-1.80975	
-0.237729	0.263359	-1.78727	-1.6363	0.232303	2.24956	-1.8065	
-0.236888	0.261041	-1.77434	-1.62944	0.223149	2.23773	-1.80326	
-0.236031	0.258757	-1.76143	-1.62264	0.214018	2.22599	-1.80001	
-0.235158	0.256508	-1.74854	-1.61591	0.20491	2.21432	-1.79677	
-0.234269	0.254292	-1.73568	-1.60924	0.195827	2.20273	-1.79353	
-0.233363	0.25211	-1.72284	-1.60263	0.18677	2.19121	-1.79029	
-0.232442	0.249962	-1.71003	-1.59608	0.177742	2.17977	-1.78706	
-0.231506	0.247851	-1.69726	-1.5896	0.16874	2.16841	-1.78383	
-0.230555	0.245748	-1.68451	-1.58317	0.159778	2.15711	-1.78058	
-0.229588	0.243704	-1.67179	-1.57681	0.150843	2.14589	-1.77736	
-0.228607	0.241691	-1.65911	-1.57051	0.141942	2.13474	-1.77414	
-0.22761	0.239712	-1.64647	-1.56426	0.133077	2.12367	-1.77092	
-0.226599	0.237765	-1.63386	-1.55808	0.12425	2.11266	-1.7677	
-0.225574	0.235851	-1.6213	-1.55196	0.115461	2.10172	-1.76449	
-0.224536	0.233967	-1.60877	-1.54589	0.106711	2.09085	-1.76128	
-0.223484	0.232145	-1.59628	-1.53988	0.0979975	2.08005	-1.75809	
-0.222418	0.230319	-1.58384	-1.53393	0.0893315	2.06932	-1.75488	
-0.221338	0.228526	-1.57143	-1.52804	0.0807064	2.05865	-1.75168	
-0.220246	0.226766	-1.55907	-1.5222	0.0721242	2.04805	-1.74849	
-0.219142	0.225038	-1.54676	-1.51641	0.0635868	2.03752	-1.7453	
-0.218024	0.223343	-1.53449	-1.51069	0.0550943	2.02705	-1.74211	
-0.216895	0.221678	-1.52226	-1.50501	0.0466471	2.01664	-1.73893	
-0.215754	0.220047	-1.51008	-1.49939	0.0382446	2.00629	-1.73576	
-0.214601	0.218445	-1.49796	-1.49383	0.0298902	1.99601	-1.73259	
-0.213436	0.216873	-1.48587	-1.48831	0.0215845	1.98579	-1.72942	
-0.212261	0.21533	-1.47384	-1.48285	0.0133301	1.97563	-1.72627	
-0.211074	0.213818	-1.46186	-1.47744	0.00512415	1.96554	-1.72311	
-0.209877	0.212335	-1.44993	-1.47209	-0.00303099	1.9555	-1.71996	
-0.207569	0.209479	-1.30041	-1.46984	-0.193978	1.94354	-1.70812	
-0.197988	0.207605	-1.22043	-1.46742	-0.308127	1.93304	-1.69908	
-0.187736	0.20621	-1.17567	-1.46459	-0.378171	1.92326	-1.6919	
-0.179095	0.205039	-1.14842	-1.46132	-0.422714	1.91383	-1.68596	
-0.172444	0.203975	-1.12987	-1.45768	-0.452231	1.90457	-1.68085	
-0.167496	0.202972	-1.11569	-1.45377	-0.472693	1.89541	-1.67631	
-0.163819	0.202004	-1.10375	-1.44967	-0.487577	1.88632	-1.67215	
-0.161026	0.201061	-1.09297	-1.44544	-0.498958	1.87728	-1.66826	
-0.158823	0.200143	-1.0828	-1.44115	-0.508102	1.86828	-1.66454	
-0.157002	0.199247	-1.07298	-1.43681	-0.515792	1.85932	-1.66096	
-0.155424	0.19837	-1.06334	-1.43246	-0.522523	1.85041	-1.65747	
-0.153996	0.197513	-1.05383	-1.42811	-0.528614	1.84154	-1.65404	
-0.152664	0.196684	-1.04438	-1.42377	-0.53427	1.83272	-1.65065	
-0.151386	0.195877	-1.03498	-1.41946	-0.539623	1.82393	-1.6473	
-0.150139	0.195093	-1.02563	-1.41517	-0.544761	1.81519	-1.64398	
-0.14891	0.19433	-1.01631	-1.41091	-0.549744	1.80649	-1.64068	
-0.147691	0.193588	-1.00702	-1.40669	-0.554611	1.79784	-1.6374	
-0.146474	0.19287	-0.997769	-1.4025	-0.559388	1.78922	-1.63413	
-0.145258	0.192174	-0.988547	-1.39834	-0.564092	1.78064	-1.63088	
-0.144041	0.191499	-0.979356	-1.39422	-0.568736	1.7721	-1.62764	
-0.14282	0.190846	-0.970199	-1.39013	-0.573328	1.7636	-1.62441	
-0.1416	0.190214	-0.961075	-1.38608	-0.577875	1.75514	-1.6212	
-0.140376	0.189601	-0.951983	-1.38206	-0.582381	1.74672	-1.61799	
-0.139149	0.189012	-0.942928	-1.37807	-0.586845	1.73833	-1.6148	
-0.137921	0.188443	-0.933907	-1.37412	-0.591272	1.72999	-1.61161	
-0.136691	0.187895	-0.924921	-1.37021	-0.595664	1.72168	-1.60844	
-0.135459	0.187366	-0.915969	-1.36633	-0.600021	1.7134	-1.60527	
-0.134224	0.186859	-0.907049	-1.36248	-0.604343	1.70516	-1.60212	
-0.132988	0.186371	-0.898169	-1.35866	-0.608632	1.69696	-1.59898	
-0.13175	0.185904	-0.889323	-1.35488	-0.612889	1.68879	-1.59584	
-0.13051	0.185457	-0.880511	-1.35113	-0.617112	1.68066	-1.59272	
-0.12927	0.185028	-0.871733	-1.34741	-0.621303	1.67256	-1.58961	
-0.128028	0.184621	-0.862991	-1.34372	-0.625461	1.66449	-1.5865	
-0.126785	0.184233	-0.854282	-1.34007	-0.629586	1.65646	-1.58341	
-0.125542	0.183863	-0.845609	-1.33645	-0.63368	1.64845	-1.58033	
-0.1243	0.183511	-0.836969	-1.33286	-0.637741	1.64049	-1.57725	
-0.123057	0.18318	-0.828364	-1.32929	-0.64177	1.63255	-1.57419	
-0.121813	0.182866	-0.819794	-1.32576	-0.645766	1.62465	-1.57114	
-0.12057	0.18257	-0.811258	-1.32226	-0.649731	1.61678	-1.5681	
-0.11933	0.1823	-0.802725	-1.3188	-0.653672	1.60893	-1.56506	
-0.118084	0.18204	-0.794272	-1.31536	-0.657565	1.60113	-1.56204	
-0.11684	0.181799	-0.785845	-1.31195	-0.661432	1.59335	-1.55903	
-0.115597	0.181576	-0.777446	-1.30856	-0.665269	1.5856	-1.55602	
-0.114357	0.181371	-0.769081	-1.30521	-0.669075	1.57789	-1.55303	
-0.113118	0.181184	-0.760746	-1.30189	-0.672848	1.5702	-1.55005	
-0.111879	0.181013	-0.752449	-1.2986	-0.676593	1.56254	-1.54707	
-0.110641	0.180862	-0.744181	-1.29533	-0.680305	1.55491	-1.54411	
-0.109404	0.180728	-0.735945	-1.29209	-0.683985	1.54731	-1.54116	
-0.108168	0.180611	-0.727743	-1.28888	-0.687636	1.53974	-1.53821	
-0.106935	0.180511	-0.719574	-1.2857	-0.691251	1.5322	-1.53528	
-0.105703	0.180427	-0.711435	-1.28254	-0.694838	1.52468	-1.53235	
-0.104472	0.180362	-0.70333	-1.27941	-0.698394	1.51719	-1.52944	
-0.103244	0.180314	-0.695256	-1.27631	-0.701918	1.50973	-1.52653	
-0.102018	0.180282	-0.687214	-1.27324	-0.705412	1.50229	-1.52364	
-0.100793	0.180266	-0.679204	-1.27019	-0.708875	1.49489	-1.52075	
-0.0995717	0.180264	-0.671224	-1.26717	-0.712307	1.4875	-1.51788	
-0.0983522	0.18028	-0.663277	-1.26418	-0.715708	1.48015	-1.51501	
-0.0971354	0.180313	-0.655361	-1.26121	-0.71908	1.47282	-1.51215	
-0.0959212	0.180361	-0.647474	-1.25826	-0.722421	1.46552	-1.5093	
-0.0947095	0.180426	-0.639621	-1.25535	-0.725731	1.45824	-1.50646	
-0.0935007	0.180506	-0.631797	-1.25245	-0.729011	1.45099	-1.50364	
-0.0922953	0.180601	-0.624004	-1.24959	-0.732261	1.44376	-1.50082	
-0.0910938	0.180713	-0.616278	-1.24674	-0.735503	1.43656	-1.498	
-0.0898994	0.180833	-0.608492	-1.24393	-0.738584	1.42937	-1.4952	
-0.0887	0.180976	-0.600795	-1.24114	-0.741769	1.42222	-1.49241	
-0.0875058	0.181133	-0.593124	-1.23837	-0.744918	1.41509	-1.48963	
-0.0863161	0.181306	-0.585483	-1.23562	-0.748032	1.40798	-1.48686	
-0.0851305	0.181492	-0.57787	-1.2329	-0.751113	1.4009	-1.4841	
-0.0839533	0.181694	-0.570282	-1.2302	-0.754098	1.39384	-1.48134	
-0.0827731	0.181912	-0.562725	-1.22753	-0.757068	1.3868	-1.4786	
-0.0815973	0.182142	-0.555196	-1.22488	-0.760037	1.37979	-1.47586	
-0.0804268	0.182387	-0.547698	-1.22225	-0.763072	1.37279	-1.47314	
-0.0792608	0.182646	-0.540231	-1.21965	-0.76604	1.36582	-1.47042	
-0.0780993	0.182919	-0.532791	-1.21707	-0.768938	1.35887	-1.46771	
-0.0769423	0.183206	-0.525383	-1.21451	-0.771813	1.35194	-1.46501	
-0.0757897	0.183507	-0.517987	-1.21197	-0.774657	1.34504	-1.46232	
-0.0746406	0.183823	-0.510619	-1.20946	-0.77747	1.33816	-1.45964	
-0.0734959	0.184153	-0.503316	-1.20697	-0.780254	1.33129	-1.45697	
-0.0723583	0.184496	-0.496027	-1.2045	-0.783014	1.32445	-1.45431	
-0.0712259	0.184853	-0.488778	-1.20205	-0.785748	1.31763	-1.45165	
-0.0700991	0.185223	-0.481513	-1.19963	-0.788456	1.31084	-1.44901	
-0.0689738	0.185607	-0.474206	-1.19722	-0.791129	1.30406	-1.44637	
-0.0678477	0.186003	-0.46704	-1.19484	-0.793759	1.2973	-1.44375	
-0.0667314	0.186413	-0.459885	-1.19248	-0.796372	1.29056	-1.44113	
-0.0656209	0.186835	-0.452681	-1.19014	-0.798939	1.28384	-1.43852	
-0.0645135	0.18727	-0.445705	-1.18782	-0.801487	1.27714	-1.43592	
-0.0634213	0.187719	-0.438581	-1.18553	-0.804044	1.27046	-1.43333	
-0.0623288	0.188181	-0.431502	-1.18325	-0.80656	1.2638	-1.43075	
-0.061239	0.188667	-0.424461	-1.18099	-0.808993	1.25716	-1.42817	
-0.0601555	0.189152	-0.417441	-1.17876	-0.811464	1.25054	-1.42561	
-0.0590771	0.189649	-0.410452	-1.17654	-0.813902	1.24394	-1.42305	
-0.0580044	0.190159	-0.40349	-1.17434	-0.816307	1.23736	-1.42051	
-0.0569373	0.190682	-0.396554	-1.17217	-0.818683	1.23079	-1.41797	
-0.0558761	0.191218	-0.389642	-1.17001	-0.821031	1.22425	-1.41544	
-0.0548207	0.191767	-0.382755	-1.16788	-0.823353	1.21772	-1.41292	
-0.0537712	0.192327	-0.375892	-1.16576	-0.825647	1.21121	-1.41041	
-0.0527275	0.1929	-0.369055	-1.16366	-0.827914	1.20471	-1.4079	
-0.0516899	0.193485	-0.362242	-1.16159	-0.830154	1.19824	-1.40541	
-0.0506582	0.194082	-0.355453	-1.15953	-0.832369	1.19178	-1.40292	
-0.0496326	0.19469	-0.348688	-1.15749	-0.834557	1.18534	-1.40044	
-0.0486131	0.19531	-0.341946	-1.15547	-0.836719	1.17892	-1.39797	
-0.0475998	0.195942	-0.335229	-1.15347	-0.838856	1.17251	-1.39551	
-0.0465927	0.196585	-0.328535	-1.15148	-0.840967	1.16612	-1.39306	
-0.0455918	0.19724	-0.321864	-1.14952	-0.843052	1.15975	-1.39062	
-0.0445976	0.197906	-0.315216	-1.14757	-0.845111	1.1534	-1.38818	
-0.0436092	0.198584	-0.308592	-1.14565	-0.847145	1.14706	-1.38576	
-0.0426273	0.199272	-0.301991	-1.14374	-0.849154	1.14074	-1.38334	
-0.0416518	0.199972	-0.295412	-1.14185	-0.851138	1.13443	-1.38093	
-0.0406828	0.200683	-0.288856	-1.13998	-0.853097	1.12814	-1.37853	
-0.0397204	0.201404	-0.282323	-1.13812	-0.855031	1.12187	-1.37613	
-0.0387645	0.202136	-0.275813	-1.13629	-0.85694	1.11561	-1.37375	
-0.0378149	0.202879	-0.269326	-1.13447	-0.858823	1.10937	-1.37137	
-0.0368726	0.203634	-0.262859	-1.13267	-0.860684	1.10314	-1.36901	
-0.0359367	0.204399	-0.256414	-1.13088	-0.862519	1.09693	-1.36664	
-0.0350075	0.205175	-0.249991	-1.12912	-0.864329	1.09074	-1.36429	
-0.0340854	0.205961	-0.24359	-1.12737	-0.866115	1.08456	-1.36195	
-0.0331691	0.206757	-0.237211	-1.12564	-0.867878	1.0784	-1.35961	
-0.032259	0.207564	-0.230853	-1.12392	-0.869618	1.07224	-1.35728	
-0.0313575	0.208381	-0.224517	-1.12222	-0.87133	1.06611	-1.35497	
-0.0304624	0.20921	-0.218195	-1.12054	-0.87302	1.05999	-1.35266	
-0.0295738	0.210047	-0.211905	-1.11888	-0.874683	1.05389	-1.35035	
-0.0286926	0.210894	-0.205634	-1.11723	-0.876323	1.0478	-1.34806	
-0.0278195	0.211751	-0.199383	-1.11561	-0.877939	1.04172	-1.34577	
-0.0269518	0.212618	-0.193152	-1.11399	-0.879533	1.03566	-1.34349	
-0.0260913	0.213496	-0.186942	-1.11239	-0.881104	1.02961	-1.34122	
-0.0252395	0.214383	-0.180753	-1.11082	-0.882649	1.02358	-1.33896	
-0.024394	0.21528	-0.174584	-1.10925	-0.884171	1.01756	-1.33671	
-0.0235538	0.216186	-0.168435	-1.1077	-0.885672	1.01156	-1.33446	
-0.0227215	0.217103	-0.162303	-1.10617	-0.887151	1.00557	-1.33222	
-0.0218959	0.218029	-0.156196	-1.10466	-0.888604	0.99959	-1.32999	
-0.0210777	0.218964	-0.150109	-1.10316	-0.890034	0.993627	-1.32777	
-0.0202671	0.219909	-0.14404	-1.10167	-0.891441	0.987677	-1.32556	
-0.0194635	0.220864	-0.137992	-1.10021	-0.892825	0.98174	-1.32335	
-0.0186671	0.221827	-0.131963	-1.09875	-0.894186	0.975817	-1.32115	
-0.0178776	0.222795	-0.125953	-1.09732	-0.895525	0.969907	-1.31896	
-0.017096	0.223778	-0.119964	-1.0959	-0.89684	0.96401	-1.31678	
-0.0163207	0.22477	-0.113994	-1.09449	-0.898132	0.958126	-1.3146	
-0.015555	0.225771	-0.108044	-1.0931	-0.899402	0.952258	-1.31243	
-0.0147944	0.22678	-0.102113	-1.09173	-0.900649	0.9464	-1.31027	
-0.0140412	0.227798	-0.0962004	-1.09037	-0.901874	0.940555	-1.30812	
-0.0132955	0.228826	-0.0903072	-1.08903	-0.903076	0.934724	-1.30598	
-0.0125572	0.229862	-0.084433	-1.0877	-0.904256	0.928905	-1.30384	
-0.0118261	0.230906	-0.0785779	-1.08638	-0.905414	0.923098	-1.30171	
-0.0111023	0.23196	-0.0727415	-1.08508	-0.90655	0.917304	-1.29959	
-0.0103858	0.233023	-0.0669257	-1.0838	-0.907664	0.911523	-1.29748	
-0.00967629	0.234099	-0.0611286	-1.08253	-0.908764	0.905753	-1.29537	
-0.00897472	0.235177	-0.0553463	-1.08128	-0.909831	0.899997	-1.29327	
-0.00828008	0.236263	-0.0495849	-1.08004	-0.910876	0.894253	-1.29118	
-0.00759273	0.237358	-0.0438416	-1.07882	-0.9119	0.88852	-1.2891	
-0.00691266	0.238462	-0.0381175	-1.07761	-0.912902	0.882799	-1.28703	
-0.00623994	0.239574	-0.0324109	-1.07641	-0.913883	0.877091	-1.28496	
-0.00557428	0.240696	-0.0267236	-1.07523	-0.914841	0.871394	-1.2829	
-0.00491815	0.241825	-0.0210525	-1.07407	-0.91578	0.865709	-1.28085	
-0.00426623	0.242963	-0.0154026	-1.07291	-0.916693	0.860036	-1.2788	
-0.00362228	0.244108	-0.00976978	-1.07177	-0.917587	0.854375	-1.27676	
-0.00298575	0.245261	-0.00415511	-1.07065	-0.91846	0.848726	-1.27474	
-0.00235664	0.246425	0.00144383	-1.06954	-0.919313	0.843087	-1.27271	
-0.277906	0.272567	0.891875	-1.1063	-1.48201	0.867337	-1.26163	
-0.493097	0.296131	1.66661	-1.13516	-1.98492	0.88959	-1.25479	
-0.652674	0.315933	2.30275	-1.15731	-2.40689	0.90871	-1.25074	
-0.76309	0.33281	2.79376	-1.17356	-2.73882	0.924031	-1.24845	
-0.835699	0.346492	3.15834	-1.18554	-2.9892	0.935769	-1.24717	
-0.881833	0.357619	3.42343	-1.19467	-3.17329	0.944507	-1.24654	
-0.910331	0.366823	3.61394	-1.20201	-3.30623	0.950818	-1.24586	
-0.927392	0.3746	3.74972	-1.20831	-3.40068	0.955237	-1.24513	
-0.937149	0.38133	3.84572	-1.21404	-3.46652	0.958181	-1.24427	
-0.942286	0.387298	3.91291	-1.21948	-3.51126	0.959975	-1.24323	
-0.94452	0.392711	3.95924	-1.2248	-3.54045	0.960867	-1.24198	
-0.944936	0.39772	3.99046	-1.2301	-3.55822	0.961051	-1.24054	
-0.944215	0.402436	4.01069	-1.23542	-3.5676	0.960674	-1.23893	
-0.942782	0.406934	4.0229	-1.24078	-3.57079	0.959852	-1.23717	
-0.940901	0.411274	4.02925	-1.24619	-3.56941	0.958672	-1.2353	
-0.938734	0.415497	4.03127	-1.25166	-3.56465	0.957204	-1.23333	
-0.936381	0.419635	4.03009	-1.25718	-3.55737	0.955503	-1.23128	
-0.933902	0.423707	4.02653	-1.26275	-3.5482	0.953608	-1.22917	
-0.931336	0.427042	4.02117	-1.26835	-3.53758	0.951558	-1.22729	
-0.928691	0.431202	4.01437	-1.27395	-3.52578	0.949364	-1.22517	
-0.925998	0.435276	4.00653	-1.2796	-3.51316	0.947057	-1.22284	
-0.923259	0.439304	3.99789	-1.28529	-3.49989	0.944662	-1.22053	
-0.920477	0.443295	3.98859	-1.291	-3.48607	0.942188	-1.21824	
-0.917654	0.447256	3.97874	-1.29673	-3.4718	0.939644	-1.21596	
-0.91479	0.451194	3.96844	-1.30248	-3.45714	0.937037	-1.21368	
-0.911883	0.45511	3.95773	-1.30824	-3.44213	0.934373	-1.21142	
-0.908934	0.459008	3.94668	-1.31402	-3.42681	0.931656	-1.20917	
-0.905944	0.462891	3.93531	-1.3198	-3.41121	0.928889	-1.20693	
-0.90291	0.46676	3.92364	-1.32559	-3.39535	0.926075	-1.2047	
-0.899832	0.470619	3.91169	-1.33138	-3.37923	0.923218	-1.2025	
-0.896709	0.474462	3.89947	-1.33717	-3.36286	0.920314	-1.20028	
-0.89354	0.478296	3.887	-1.34297	-3.34627	0.917368	-1.19808	
-0.890325	0.482117	3.87427	-1.34876	-3.32944	0.91438	-1.19589	
-0.887061	0.485926	3.86129	-1.35455	-3.31238	0.91135	-1.19371	
-0.883749	0.489724	3.84807	-1.36034	-3.29511	0.908277	-1.19155	
-0.880389	0.49351	3.8346	-1.36612	-3.2776	0.905164	-1.1894	
-0.876977	0.497283	3.82088	-1.37189	-3.25988	0.902007	-1.18726	
-0.873514	0.501042	3.80692	-1.37765	-3.24194	0.898807	-1.18514	
-0.869998	0.504787	3.79271	-1.3834	-3.22378	0.895564	-1.18303	
-0.86643	0.508532	3.77824	-1.38913	-3.20541	0.892275	-1.18079	
-0.862807	0.512248	3.76354	-1.39486	-3.18681	0.888944	-1.17875	
-0.859131	0.515945	3.74859	-1.40056	-3.16801	0.885568	-1.17671	
-0.8554	0.519625	3.73339	-1.40625	-3.14899	0.882146	-1.17468	
-0.851612	0.523289	3.71794	-1.41191	-3.12975	0.878677	-1.17266	
-0.847767	0.526935	3.70223	-1.41755	-3.1103	0.875161	-1.17065	
-0.843864	0.530398	3.68628	-1.42316	-3.09064	0.87159	-1.16838	
-0.839903	0.534043	3.67006	-1.42874	-3.07075	0.867973	-1.16648	
-0.835884	0.537709	3.65359	-1.43429	-3.05066	0.864307	-1.16482	
-0.831807	0.541288	3.63688	-1.43983	-3.03038	0.860593	-1.16283	
-0.82767	0.544843	3.61992	-1.44533	-3.00989	0.856828	-1.16086	
-0.823473	0.548373	3.60271	-1.45079	-2.9892	0.853011	-1.15892	
-0.819214	0.551878	3.58524	-1.45622	-2.9683	0.84914	-1.157	
-0.81488	0.554933	3.5675	-1.46153	-2.94719	0.845215	-1.15485	
-0.810502	0.558481	3.5495	-1.46687	-2.92585	0.841225	-1.15307	
-0.806061	0.561983	3.53127	-1.47218	-2.90435	0.837184	-1.15126	
-0.801558	0.565443	3.5128	-1.47744	-2.88267	0.83309	-1.14945	
-0.796991	0.568857	3.49407	-1.48266	-2.86081	0.828941	-1.14763	
-0.792362	0.572239	3.47512	-1.48783	-2.83876	0.824737	-1.14585	
-0.787669	0.575584	3.45591	-1.49295	-2.81654	0.820475	-1.14408	
-0.782913	0.578894	3.43646	-1.49801	-2.79413	0.816154	-1.14232	
-0.778093	0.582169	3.41677	-1.50301	-2.77155	0.811775	-1.1406	
-0.773209	0.58541	3.39684	-1.50796	-2.7488	0.807336	-1.13886	
-0.768262	0.588617	3.37667	-1.51285	-2.72587	0.802836	-1.13715	
-0.763251	0.591783	3.35626	-1.51768	-2.70278	0.798277	-1.13543	
-0.758177	0.594922	3.33561	-1.52244	-2.67953	0.793655	-1.13376	
-0.753039	0.598086	3.31474	-1.52714	-2.65612	0.788971	-1.13179	
-0.747839	0.601143	3.29364	-1.53177	-2.63257	0.784226	-1.13026	
-0.742574	0.604167	3.27231	-1.53634	-2.60886	0.779418	-1.12871	
-0.737246	0.607159	3.25076	-1.54083	-2.58501	0.774546	-1.12714	
-0.731856	0.610115	3.22899	-1.54525	-2.56102	0.769611	-1.1256	
-0.726404	0.613037	3.20701	-1.5496	-2.5369	0.764613	-1.12406	
-0.720889	0.615922	3.18481	-1.55387	-2.51265	0.75955	-1.12253	
-0.715313	0.618772	3.1624	-1.55806	-2.48828	0.754423	-1.12101	
-0.709675	0.621585	3.13979	-1.56218	-2.46379	0.749232	-1.11951	
-0.703976	0.624361	3.11698	-1.56621	-2.43918	0.743977	-1.11802	
-0.698217	0.627106	3.09398	-1.57017	-2.41448	0.738657	-1.11658	
-0.692398	0.629804	3.07078	-1.57404	-2.38967	0.733274	-1.11512	
-0.68652	0.632463	3.0474	-1.57783	-2.36476	0.727826	-1.11368	
-0.680583	0.635084	3.02383	-1.58153	-2.33977	0.722314	-1.11226	
-0.674588	0.637664	3.00009	-1.58514	-2.31469	0.716738	-1.11085	
-0.668536	0.640206	2.97618	-1.58867	-2.28954	0.711098	-1.10947	
-0.662427	0.642708	2.9521	-1.59211	-2.26431	0.705394	-1.1081	
-0.656262	0.645169	2.92786	-1.59546	-2.23902	0.699626	-1.10675	
-0.650043	0.647599	2.90346	-1.59872	-2.21367	0.693794	-1.10545	
-0.643768	0.649977	2.87892	-1.60188	-2.18826	0.6879	-1.10409	
-0.637441	0.652315	2.85422	-1.60495	-2.16281	0.681943	-1.1028	
-0.631061	0.654613	2.82939	-1.60793	-2.13732	0.675924	-1.10152	
-0.624629	0.656869	2.80441	-1.61081	-2.11179	0.669842	-1.10026	
-0.618146	0.659084	2.77931	-1.6136	-2.08624	0.6637	-1.09901	
-0.611614	0.661257	2.75409	-1.61629	-2.06066	0.657495	-1.09778	
-0.605033	0.663389	2.72875	-1.61888	-2.03506	0.651229	-1.09657	
-0.598405	0.66548	2.7033	-1.62138	-2.00945	0.644903	-1.09537	
-0.59173	0.667532	2.67773	-1.62378	-1.98384	0.638518	-1.0942	
-0.585009	0.669539	2.65207	-1.62608	-1.95823	0.632073	-1.09302	
-0.578245	0.671505	2.62632	-1.62828	-1.93263	0.62557	-1.09187	
-0.571437	0.673429	2.60047	-1.63038	-1.90704	0.619008	-1.09072	
-0.564587	0.675313	2.57455	-1.63239	-1.88148	0.612391	-1.0896	
-0.557696	0.677154	2.54854	-1.63429	-1.85593	0.605716	-1.08848	
-0.550766	0.678956	2.52247	-1.63609	-1.83042	0.598987	-1.08738	
-0.543797	0.680718	2.49633	-1.6378	-1.80495	0.592201	-1.0863	
-0.536791	0.682438	2.47014	-1.6394	-1.77952	0.585363	-1.08523	
-0.529749	0.684117	2.44389	-1.64091	-1.75414	0.578471	-1.08417	
-0.522673	0.685756	2.41759	-1.64232	-1.72882	0.571527	-1.08312	
-0.515563	0.687356	2.39125	-1.64362	-1.70356	0.564532	-1.08209	
-0.508421	0.688916	2.36488	-1.64483	-1.67836	0.557485	-1.08107	
-0.501249	0.690437	2.33848	-1.64594	-1.65323	0.55039	-1.08005	
-0.494048	0.691936	2.31206	-1.64695	-1.62818	0.543247	-1.07886	
-0.486819	0.693375	2.28563	-1.64787	-1.60322	0.536056	-1.07794	
-0.479563	0.694777	2.25918	-1.64868	-1.57834	0.528818	-1.07701	
-0.472284	0.69616	2.23272	-1.64941	-1.55356	0.521526	-1.07588	
-0.464979	0.697483	2.20627	-1.65004	-1.52887	0.5142	-1.07502	
-0.457652	0.698769	2.17982	-1.65056	-1.50428	0.50683	-1.07413	
-0.450304	0.700021	2.15339	-1.65099	-1.47979	0.499417	-1.07324	
-0.442937	0.701237	2.12698	-1.65133	-1.45542	0.491963	-1.07234	
-0.435553	0.702404	2.10059	-1.65157	-1.43117	0.484469	-1.07143	
-0.428151	0.703553	2.07423	-1.65172	-1.40703	0.476935	-1.07055	
-0.420734	0.704677	2.0479	-1.65178	-1.38302	0.469363	-1.06962	
-0.413304	0.705753	2.02162	-1.65175	-1.35914	0.461755	-1.06876	
-0.405862	0.706795	1.99538	-1.65163	-1.33539	0.454111	-1.0679	
-0.398409	0.707805	1.96919	-1.65142	-1.31178	0.446433	-1.06704	
-0.390948	0.708777	1.94307	-1.65112	-1.2883	0.438722	-1.06618	
-0.383478	0.70972	1.917	-1.65074	-1.26498	0.430978	-1.06532	
-0.376002	0.710644	1.891	-1.65027	-1.2418	0.423206	-1.06447	
-0.368521	0.711525	1.86508	-1.64972	-1.21877	0.415401	-1.06365	
-0.361038	0.712377	1.83924	-1.64908	-1.1959	0.40757	-1.06286	
-0.35355	0.713204	1.81348	-1.64836	-1.17318	0.399711	-1.06211	
-0.346065	0.713995	1.7878	-1.64756	-1.15063	0.391826	-1.06128	
-0.338581	0.714758	1.76223	-1.64668	-1.12824	0.383917	-1.06045	
-0.331099	0.715493	1.73675	-1.64572	-1.10601	0.375984	-1.05964	
-0.323621	0.716201	1.71137	-1.64468	-1.08396	0.368029	-1.05884	
-0.316148	0.716881	1.6861	-1.64357	-1.06208	0.360052	-1.05805	
-0.308683	0.717536	1.66095	-1.64238	-1.04037	0.352056	-1.05727	
-0.301224	0.718167	1.6359	-1.64112	-1.01883	0.344042	-1.05649	
-0.293777	0.718772	1.61099	-1.63979	-0.997483	0.33601	-1.05572	
-0.286354	0.71935	1.58621	-1.63839	-0.976321	0.327986	-1.05544	
-0.278925	0.719908	1.56155	-1.63692	-0.955334	0.319918	-1.05453	
-0.271512	0.720442	1.53702	-1.63539	-0.934532	0.311837	-1.05367	
-0.264115	0.720955	1.51263	-1.63378	-0.913916	0.303745	-1.05286	
-0.256735	0.721445	1.48839	-1.63211	-0.893489	0.295641	-1.05207	
-0.249374	0.721915	1.4643	-1.63038	-0.873253	0.287528	-1.05131	
-0.242032	0.722364	1.44035	-1.62859	-0.853208	0.279407	-1.05056	
-0.234711	0.722794	1.41656	-1.62674	-0.833357	0.271277	-1.04982	
-0.227412	0.723204	1.39293	-1.62483	-0.813701	0.26314	-1.0491	
-0.220136	0.723596	1.36946	-1.62286	-0.794239	0.254998	-1.04838	
-0.212884	0.723971	1.34616	-1.62084	-0.774975	0.246851	-1.04767	
-0.205657	0.724329	1.32303	-1.61876	-0.755908	0.238701	-1.04697	
-0.198457	0.72467	1.30007	-1.61663	-0.73704	0.230549	-1.04627	
-0.191285	0.724996	1.27729	-1.61445	-0.71837	0.222395	-1.04558	
-0.184141	0.725306	1.25468	-1.61221	-0.699901	0.214241	-1.04489	
-0.177028	0.725603	1.23226	-1.60993	-0.681631	0.206087	-1.0442	
-0.169945	0.725885	1.21002	-1.60761	-0.663563	0.197936	-1.04353	
-0.162895	0.726153	1.18797	-1.60523	-0.645695	0.189787	-1.04285	
-0.155877	0.726409	1.1661	-1.60282	-0.628028	0.181642	-1.04219	
-0.148893	0.726653	1.14443	-1.60036	-0.610562	0.173501	-1.04152	
-0.141944	0.726885	1.12296	-1.59786	-0.593298	0.165366	-1.04086	
-0.135031	0.727107	1.10168	-1.59532	-0.576235	0.157238	-1.04021	
-0.128154	0.727319	1.0806	-1.59274	-0.559373	0.149116	-1.03956	
-0.121315	0.727522	1.05973	-1.59013	-0.542711	0.141003	-1.0389	
-0.114513	0.727714	1.03905	-1.58748	-0.526251	0.1329	-1.03826	
-0.107751	0.727898	1.01859	-1.58479	-0.50999	0.124806	-1.03763	
-0.101028	0.728075	0.998323	-1.58207	-0.493929	0.116723	-1.037	
-0.0943459	0.728243	0.978268	-1.57932	-0.478067	0.108651	-1.03637	
-0.0877043	0.728404	0.958423	-1.57654	-0.462404	0.100592	-1.03574	
-0.0811043	0.728559	0.938789	-1.57373	-0.446938	0.0925454	-1.03512	
-0.0745464	0.728708	0.919366	-1.5709	-0.431669	0.0845131	-1.0345	
-0.0680312	0.728852	0.900156	-1.56803	-0.416596	0.076495	-1.03389	
-0.0615542	0.728986	0.881152	-1.56514	-0.401716	0.0684847	-1.03325	
-0.0551267	0.729113	0.86237	-1.56222	-0.387032	0.0604979	-1.03269	
-0.0487436	0.729243	0.843804	-1.55928	-0.372541	0.0525288	-1.03222	
-0.0424039	0.729371	0.825452	-1.55632	-0.358243	0.0445759	-1.03157	
-0.0361087	0.729497	0.807316	-1.55334	-0.344135	0.0366403	-1.03094	
-0.0298584	0.729619	0.789395	-1.55033	-0.330217	0.0287232	-1.03033	
-0.0236532	0.729738	0.771691	-1.54731	-0.316487	0.0208241	-1.02973	
-0.0174935	0.729855	0.754203	-1.54427	-0.302944	0.0129447	-1.02913	
-0.0113796	0.729988	0.736937	-1.54121	-0.289587	0.0050856	-1.02858	
-0.0053116	0.730097	0.71988	-1.53814	-0.276414	-0.00275291	-1.02798	
0.00145765	0.715203	0.67587	-1.50219	-0.224224	-0.302595	-1.03507	
0.422341	0.699558	0.436583	-1.4118	-0.46046	-0.506052	-0.964749	
0.778227	0.68853	0.22491	-1.34273	-0.653918	-0.644175	-0.912725	
1.07664	0.680654	0.0391708	-1.28938	-0.810404	-0.738532	-0.874121	
1.32368	0.67498	-0.121761	-1.24792	-0.934854	-0.803408	-0.845531	
1.61881	0.647258	-0.53704	-1.16131	-0.937856	-0.863214	-0.824147	
1.84169	0.631347	-0.817692	-1.10761	-0.964206	-0.900313	-0.806265	
2.00698	0.622449	-1.00798	-1.07416	-0.997996	-0.92567	-0.79253	
2.12937	0.617789	-1.13714	-1.05302	-1.03133	-0.942389	-0.782132	
2.21926	0.615634	-1.22452	-1.0393	-1.06081	-0.95345	-0.774436	
2.28455	0.614931	-1.28305	-1.03003	-1.08529	-0.961116	-0.76866	
2.33122	0.615068	-1.32148	-1.02341	-1.10476	-0.966845	-0.764232	
2.36387	0.615673	-1.34583	-1.01837	-1.11968	-0.970975	-0.760751	
2.38589	0.616525	-1.36027	-1.01425	-1.13068	-0.974141	-0.757977	
2.39988	0.617496	-1.36769	-1.01065	-1.13842	-0.976656	-0.755657	
2.4078	0.618514	-1.37016	-1.00737	-1.14349	-0.979064	-0.753614	
2.41112	0.619541	-1.3691	-1.00425	-1.14642	-0.980922	-0.751857	
2.41096	0.620556	-1.36553	-1.00124	-1.14763	-0.982719	-0.750233	
2.40817	0.621545	-1.36009	-0.998272	-1.14749	-0.984467	-0.748692	
2.40338	0.62252	-1.35351	-0.995337	-1.14627	-0.986095	-0.74724	
2.39709	0.623473	-1.34603	-0.992424	-1.14421	-0.987566	-0.745835	
2.38965	0.624407	-1.33791	-0.989525	-1.14148	-0.989213	-0.744445	
2.38135	0.625321	-1.32934	-0.98664	-1.13824	-0.990757	-0.743024	
2.3724	0.626229	-1.32047	-0.983768	-1.13458	-0.992523	-0.741692	
2.36296	0.627125	-1.31139	-0.980911	-1.1306	-0.99395	-0.740337	
2.35316	0.628011	-1.30217	-0.978068	-1.12636	-0.995567	-0.739012	
2.34309	0.628894	-1.29287	-0.97524	-1.12191	-0.997083	-0.737713	
2.33282	0.629773	-1.28353	-0.972428	-1.11729	-0.998607	-0.736424	
2.3224	0.630649	-1.27416	-0.969633	-1.11254	-1.00014	-0.735149	
2.31188	0.631523	-1.2648	-0.966855	-1.10768	-1.00157	-0.733911	
2.30129	0.632399	-1.25544	-0.964095	-1.10273	-1.00318	-0.732675	
2.29066	0.633274	-1.24611	-0.961353	-1.0977	-1.00471	-0.731466	
2.27999	0.634151	-1.23681	-0.958629	-1.0926	-1.00628	-0.730246	
2.26932	0.63503	-1.22755	-0.955923	-1.08745	-1.00783	-0.729062	
2.25864	0.635911	-1.21833	-0.953237	-1.08224	-1.00932	-0.727895	
2.24797	0.636794	-1.20916	-0.95057	-1.07699	-1.01091	-0.726743	
2.23731	0.63768	-1.20004	-0.947921	-1.0717	-1.01235	-0.725607	
2.22667	0.638568	-1.19095	-0.945289	-1.06637	-1.01387	-0.724499	
2.21605	0.63946	-1.18191	-0.942676	-1.061	-1.01538	-0.723401	
2.20545	0.640354	-1.17292	-0.940085	-1.05561	-1.0168	-0.722312	
2.19488	0.641251	-1.16398	-0.937506	-1.05018	-1.0184	-0.721238	
2.18434	0.642151	-1.15509	-0.934947	-1.04472	-1.01996	-0.720182	
2.17383	0.643054	-1.14625	-0.932407	-1.03924	-1.02156	-0.719145	
2.16334	0.643961	-1.13745	-0.929882	-1.03373	-1.02313	-0.718132	
2.15289	0.644874	-1.12871	-0.927379	-1.0282	-1.02474	-0.717127	
2.14248	0.645788	-1.12001	-0.924894	-1.02264	-1.02628	-0.716146	
2.13209	0.646704	-1.11136	-0.922425	-1.01705	-1.02773	-0.715181	
2.12174	0.647623	-1.10276	-0.919973	-1.01145	-1.02929	-0.714222	
2.11142	0.648542	-1.09421	-0.917539	-1.00581	-1.03074	-0.713284	
2.10114	0.649467	-1.08571	-0.915121	-1.00016	-1.0323	-0.712365	
2.09089	0.650397	-1.07725	-0.912721	-0.994494	-1.03379	-0.711452	
2.08067	0.651327	-1.06884	-0.910338	-0.988797	-1.0353	-0.71056	
2.07049	0.652261	-1.06048	-0.907972	-0.983081	-1.03675	-0.709675	
2.06034	0.653196	-1.05217	-0.905621	-0.977344	-1.03829	-0.70881	
2.05022	0.654135	-1.0439	-0.903289	-0.971589	-1.03976	-0.70796	
2.04015	0.655077	-1.03568	-0.900972	-0.965816	-1.04132	-0.707126	
2.0301	0.656023	-1.0275	-0.898672	-0.960025	-1.04286	-0.706304	
2.02009	0.65697	-1.01937	-0.896388	-0.954216	-1.04441	-0.705496	
2.01012	0.657923	-1.01128	-0.894121	-0.948389	-1.04597	-0.704709	
2.00017	0.658875	-1.00324	-0.89187	-0.942547	-1.04736	-0.703934	
1.98977	0.660424	-0.995133	-0.889828	-0.936637	-1.0489	-0.703174	
1.98001	0.661253	-0.987196	-0.887586	-0.930812	-1.05038	-0.702427	
1.97027	0.662108	-0.979294	-0.885352	-0.924942	-1.0518	-0.701688	
1.96054	0.662988	-0.97144	-0.883139	-0.919044	-1.05327	-0.700969	
1.95083	0.663889	-0.963633	-0.880944	-0.913125	-1.05473	-0.700263	
1.94114	0.664804	-0.955871	-0.878768	-0.907187	-1.05633	-0.699572	
1.93147	0.665734	-0.948151	-0.87661	-0.901233	-1.05784	-0.698894	
1.92184	0.666676	-0.940473	-0.87447	-0.895269	-1.05933	-0.698229	
1.91223	0.667626	-0.932838	-0.872347	-0.889292	-1.06083	-0.697578	
1.90265	0.668584	-0.925244	-0.870242	-0.8833	-1.06237	-0.696939	
1.89311	0.669548	-0.917692	-0.868153	-0.877297	-1.06382	-0.69631	
1.8836	0.670518	-0.910181	-0.866081	-0.871285	-1.06525	-0.695696	
1.87413	0.671492	-0.902712	-0.864023	-0.86526	-1.06683	-0.695096	
1.86469	0.672471	-0.895284	-0.861983	-0.859227	-1.06837	-0.694509	
1.85528	0.673453	-0.887897	-0.859958	-0.853183	-1.06983	-0.693934	
1.84591	0.674439	-0.880552	-0.857946	-0.847129	-1.07135	-0.693371	
1.83657	0.675427	-0.873248	-0.855948	-0.841066	-1.07275	-0.692819	
1.82727	0.676417	-0.865985	-0.853964	-0.834992	-1.07425	-0.692279	
1.818	0.677412	-0.858762	-0.85199	-0.828906	-1.07569	-0.691751	
1.80877	0.678407	-0.85158	-0.850038	-0.822819	-1.07718	-0.691236	
1.79958	0.679405	-0.84444	-0.848098	-0.816724	-1.07868	-0.690732	
1.79042	0.680404	-0.837343	-0.846168	-0.810615	-1.08015	-0.690239	
1.7813	0.681405	-0.830285	-0.844252	-0.8045	-1.0816	-0.689758	
1.77221	0.682412	-0.823263	-0.842352	-0.798382	-1.08303	-0.689288	
1.76317	0.683417	-0.816282	-0.840467	-0.79226	-1.08448	-0.688829	
1.75415	0.684428	-0.809342	-0.838595	-0.786129	-1.08599	-0.688382	
1.74518	0.685437	-0.80244	-0.836736	-0.779996	-1.08749	-0.687945	
1.73624	0.686447	-0.795579	-0.834888	-0.773857	-1.08899	-0.687519	
1.72733	0.687461	-0.788759	-0.833054	-0.767713	-1.09045	-0.687104	
1.71847	0.688474	-0.781975	-0.831231	-0.761564	-1.09192	-0.6867	
1.70964	0.689491	-0.775231	-0.829421	-0.755408	-1.09333	-0.686306	
1.70086	0.690506	-0.768526	-0.827626	-0.749253	-1.09485	-0.685923	
1.6921	0.691525	-0.761861	-0.825839	-0.743091	-1.09622	-0.68555	
1.68338	0.692543	-0.755234	-0.824065	-0.73692	-1.09771	-0.685187	
1.67469	0.693571	-0.748642	-0.822297	-0.730754	-1.09919	-0.684834	
1.66604	0.694599	-0.742088	-0.82055	-0.724579	-1.10063	-0.684491	
1.65743	0.695628	-0.735572	-0.818814	-0.718403	-1.10209	-0.684158	
1.64886	0.69665	-0.729098	-0.817084	-0.712231	-1.10353	-0.683834	
1.64032	0.697673	-0.722662	-0.815372	-0.706053	-1.10495	-0.683521	
1.63182	0.6987	-0.716262	-0.81367	-0.699877	-1.10637	-0.683217	
1.62336	0.699731	-0.709898	-0.811978	-0.693703	-1.10779	-0.682922	
1.61493	0.700762	-0.703572	-0.810297	-0.687524	-1.10922	-0.682637	
1.60654	0.701795	-0.697283	-0.808627	-0.681345	-1.11069	-0.682361	
1.59818	0.702827	-0.691034	-0.806969	-0.675167	-1.11214	-0.682093	
1.58987	0.703866	-0.684812	-0.805322	-0.668991	-1.11363	-0.681835	
1.58159	0.704902	-0.678632	-0.803685	-0.662813	-1.11509	-0.681586	
1.57335	0.70594	-0.672488	-0.802058	-0.656636	-1.11652	-0.681345	
1.56515	0.706981	-0.666382	-0.800442	-0.650459	-1.11792	-0.681113	
1.55698	0.708013	-0.66031	-0.798837	-0.644286	-1.11935	-0.68089	
1.54886	0.709057	-0.654276	-0.797241	-0.638113	-1.12077	-0.680675	
1.54077	0.710103	-0.648275	-0.795655	-0.631941	-1.12224	-0.680468	
1.53271	0.711146	-0.642309	-0.794081	-0.625776	-1.12369	-0.68027	
1.52469	0.712191	-0.636379	-0.792516	-0.619612	-1.1251	-0.680079	
1.51672	0.713242	-0.630482	-0.790956	-0.613452	-1.12651	-0.679897	
1.50877	0.714287	-0.624623	-0.789414	-0.607295	-1.1279	-0.679723	
1.50087	0.715334	-0.618798	-0.78788	-0.601141	-1.12939	-0.679556	
1.493	0.716382	-0.613008	-0.786355	-0.594991	-1.1308	-0.679397	
1.48517	0.71743	-0.607253	-0.784838	-0.588845	-1.13223	-0.679246	
1.47737	0.718476	-0.601532	-0.78333	-0.582704	-1.13366	-0.679102	
1.46962	0.719529	-0.595848	-0.781829	-0.576567	-1.13509	-0.678966	
1.4619	0.720581	-0.590194	-0.78034	-0.570435	-1.13652	-0.678837	
1.45422	0.721639	-0.584579	-0.778861	-0.564309	-1.13792	-0.678716	
1.44657	0.722691	-0.578992	-0.777389	-0.558188	-1.13932	-0.678601	
1.43897	0.723746	-0.57344	-0.775926	-0.552073	-1.14074	-0.678494	
1.4314	0.7248	-0.56792	-0.774471	-0.545964	-1.14213	-0.678393	
1.42387	0.725865	-0.562434	-0.773025	-0.539853	-1.14355	-0.6783	
1.41637	0.726919	-0.556981	-0.771588	-0.533759	-1.14496	-0.678213	
1.40891	0.727977	-0.551562	-0.770158	-0.52767	-1.14638	-0.678132	
1.40149	0.729033	-0.546176	-0.768737	-0.521589	-1.14779	-0.678059	
1.39411	0.730091	-0.540822	-0.767323	-0.515515	-1.14928	-0.677992	
1.38676	0.731153	-0.5355	-0.765914	-0.509448	-1.15072	-0.677931	
1.37945	0.732214	-0.53021	-0.764514	-0.503389	-1.15207	-0.677877	
1.37218	0.733274	-0.524954	-0.763123	-0.497337	-1.15348	-0.677829	
1.36494	0.734334	-0.519727	-0.761746	-0.491293	-1.15485	-0.677787	
1.35774	0.735394	-0.514535	-0.760372	-0.485257	-1.15632	-0.677751	
1.35058	0.736455	-0.509374	-0.759005	-0.479229	-1.15772	-0.677721	
1.34345	0.737516	-0.504246	-0.757646	-0.47321	-1.15908	-0.677697	
1.33637	0.738569	-0.499146	-0.756285	-0.467197	-1.16048	-0.677679	
1.32932	0.739634	-0.494082	-0.754941	-0.461196	-1.1619	-0.677667	
1.32231	0.7407	-0.489048	-0.753604	-0.455205	-1.1633	-0.677658	
1.31532	0.741758	-0.484045	-0.752273	-0.449212	-1.16469	-0.677658	
1.30838	0.742821	-0.479072	-0.750948	-0.443236	-1.16609	-0.677662	
1.30148	0.743886	-0.474131	-0.74963	-0.43727	-1.16749	-0.677672	
1.29461	0.744949	-0.469222	-0.748318	-0.431314	-1.16889	-0.677687	
1.28778	0.746019	-0.46434	-0.747012	-0.425379	-1.17028	-0.677707	
1.28099	0.747086	-0.459488	-0.745712	-0.419451	-1.17172	-0.677732	
1.27422	0.748157	-0.454666	-0.74442	-0.413534	-1.1731	-0.677762	
1.2675	0.749226	-0.449873	-0.743135	-0.407628	-1.17448	-0.677798	
1.26082	0.750294	-0.445109	-0.741856	-0.401731	-1.17588	-0.677838	
1.25417	0.751363	-0.440376	-0.740583	-0.395846	-1.1773	-0.677883	
1.24756	0.752432	-0.435674	-0.739314	-0.389971	-1.17869	-0.677933	
1.24098	0.753501	-0.431001	-0.738051	-0.384108	-1.1801	-0.677988	
1.23444	0.75457	-0.426357	-0.736793	-0.378256	-1.18149	-0.678044	
1.22794	0.755639	-0.421741	-0.735542	-0.372417	-1.18287	-0.678109	
1.22147	0.756708	-0.417155	-0.734297	-0.366589	-1.18426	-0.678177	
1.21504	0.757778	-0.412597	-0.733058	-0.360773	-1.18566	-0.67825	
1.20864	0.758848	-0.408066	-0.731822	-0.354969	-1.18704	-0.678328	
1.20228	0.759918	-0.403565	-0.730594	-0.349178	-1.18843	-0.678409	
1.19595	0.760987	-0.399093	-0.729369	-0.3434	-1.18981	-0.6785	
1.18967	0.762056	-0.39465	-0.728147	-0.337634	-1.19122	-0.678588	
1.18341	0.763125	-0.390235	-0.726931	-0.331881	-1.19262	-0.678677	
1.17719	0.764195	-0.385845	-0.725721	-0.326142	-1.194	-0.678774	
1.17101	0.765264	-0.381484	-0.724515	-0.320415	-1.19539	-0.678876	
1.16486	0.766334	-0.377148	-0.723315	-0.314702	-1.19677	-0.678981	
1.15875	0.767404	-0.372842	-0.722121	-0.309002	-1.19815	-0.67909	
1.15267	0.768473	-0.368563	-0.720929	-0.303316	-1.19953	-0.679203	
1.14663	0.769543	-0.364311	-0.719741	-0.297643	-1.2009	-0.67932	
1.14062	0.770608	-0.360089	-0.718556	-0.291984	-1.2023	-0.67944	
1.13464	0.771678	-0.35589	-0.717377	-0.28634	-1.20369	-0.679563	
1.1287	0.772748	-0.351718	-0.716203	-0.280709	-1.20508	-0.679689	
1.1228	0.773818	-0.347572	-0.715033	-0.275089	-1.20646	-0.679818	
1.11693	0.774887	-0.343452	-0.713867	-0.269488	-1.20785	-0.679951	
1.11109	0.775957	-0.339357	-0.712707	-0.263904	-1.20925	-0.680089	
1.10529	0.777025	-0.33529	-0.711548	-0.258329	-1.21062	-0.680229	
1.09952	0.778094	-0.33125	-0.710393	-0.252766	-1.212	-0.680378	
1.09379	0.779162	-0.327235	-0.709241	-0.247224	-1.21337	-0.680522	
1.08813	0.78023	-0.323231	-0.708099	-0.241694	-1.21476	-0.680671	
1.08245	0.781298	-0.319273	-0.706951	-0.236181	-1.2161	-0.680822	
1.07681	0.782365	-0.315336	-0.70581	-0.230684	-1.21756	-0.680977	
1.07121	0.783433	-0.311424	-0.704672	-0.225201	-1.21891	-0.681135	
1.06564	0.7845	-0.307536	-0.703538	-0.219734	-1.22029	-0.681297	
1.0601	0.785568	-0.303672	-0.702408	-0.214281	-1.22166	-0.681461	
1.0546	0.786634	-0.299833	-0.70128	-0.208843	-1.22304	-0.681628	
1.04907	0.7877	-0.296018	-0.700155	-0.203421	-1.22441	-0.681798	
1.04365	0.788766	-0.292227	-0.699034	-0.198011	-1.22578	-0.681959	
1.03826	0.789832	-0.28846	-0.697916	-0.192619	-1.22715	-0.682138	
1.0329	0.790896	-0.284718	-0.696801	-0.187242	-1.22854	-0.682319	
1.02757	0.79196	-0.281	-0.695688	-0.181882	-1.2299	-0.682504	
1.02227	0.793024	-0.277304	-0.694578	-0.176539	-1.23128	-0.682687	
1.017	0.794088	-0.273633	-0.69347	-0.171212	-1.23266	-0.682874	
1.01177	0.79515	-0.269987	-0.692365	-0.165898	-1.23402	-0.683057	
1.00656	0.796213	-0.266363	-0.691262	-0.160603	-1.23539	-0.683246	
1.00139	0.797274	-0.262762	-0.690161	-0.155324	-1.23676	-0.683438	
0.996247	0.798336	-0.259186	-0.689063	-0.150061	-1.23812	-0.683634	
0.991116	0.799401	-0.255631	-0.687969	-0.144814	-1.23949	-0.683828	
0.986041	0.800461	-0.252098	-0.686875	-0.139582	-1.24087	-0.684029	
0.980997	0.801521	-0.248588	-0.685785	-0.134369	-1.24224	-0.684231	
0.975984	0.802578	-0.245102	-0.684695	-0.12917	-1.24359	-0.684427	
0.971002	0.803639	-0.241638	-0.683608	-0.123989	-1.24498	-0.684634	
0.966045	0.804697	-0.238195	-0.682523	-0.118824	-1.24635	-0.684839	
0.961123	0.805755	-0.234775	-0.68144	-0.113676	-1.24772	-0.685041	
0.956232	0.806811	-0.231376	-0.680359	-0.108544	-1.24909	-0.685239	
0.951371	0.807867	-0.228	-0.67928	-0.103429	-1.25047	-0.685453	
0.94654	0.808923	-0.224645	-0.678202	-0.0983305	-1.25179	-0.685669	
0.941738	0.809979	-0.221311	-0.677126	-0.093249	-1.25318	-0.685874	
0.936966	0.811033	-0.218	-0.676053	-0.0881842	-1.25456	-0.686101	
0.932225	0.812087	-0.214709	-0.674979	-0.0831365	-1.25592	-0.686322	
0.927515	0.813139	-0.21144	-0.673908	-0.0781057	-1.2573	-0.686524	
0.922833	0.814192	-0.208191	-0.672838	-0.0730917	-1.25867	-0.686747	
0.918181	0.815244	-0.204964	-0.67177	-0.068095	-1.26002	-0.686977	
0.913547	0.816292	-0.201757	-0.670702	-0.0631148	-1.26139	-0.687205	
0.908955	0.817343	-0.198571	-0.669637	-0.0581514	-1.26275	-0.687432	
0.904392	0.818393	-0.195405	-0.668572	-0.0532054	-1.26412	-0.687646	
0.899857	0.819439	-0.192259	-0.667509	-0.0482766	-1.26548	-0.687912	
0.895351	0.820488	-0.189134	-0.666447	-0.0433649	-1.26684	-0.688137	
0.890875	0.821536	-0.186028	-0.665386	-0.0384708	-1.26821	-0.688385	
0.886427	0.822581	-0.182943	-0.664326	-0.0335937	-1.26959	-0.688625	
0.882006	0.823625	-0.179877	-0.663266	-0.0287338	-1.27094	-0.688851	
0.877613	0.82467	-0.176832	-0.662208	-0.023891	-1.27231	-0.689057	
0.873248	0.825713	-0.173805	-0.661151	-0.0190656	-1.27369	-0.689295	
0.868911	0.826756	-0.170798	-0.660095	-0.0142574	-1.27505	-0.689536	
0.864601	0.827798	-0.16781	-0.659039	-0.0094666	-1.27641	-0.689806	
0.860319	0.828839	-0.164841	-0.657984	-0.0046931	-1.27777	-0.690028	
0.856066	0.829879	-0.161892	-0.65693	6.31193e-05	-1.27912	-0.69028	
0.831263	0.824981	-0.172961	-0.651549	0.0782409	-1.28282	-0.718433	
0.81029	0.821548	-0.179975	-0.647899	0.139585	-1.28574	-0.737742	
0.792529	0.819187	-0.18416	-0.64531	0.187978	-1.28816	-0.751103	
0.777434	0.817622	-0.186361	-0.643367	0.226381	-1.29023	-0.760417	
0.764962	0.816699	-0.187228	-0.641793	0.257085	-1.29206	-0.766797	
0.753703	0.816173	-0.187016	-0.640476	0.281752	-1.29374	-0.771429	
0.744009	0.815999	-0.186094	-0.639293	0.301793	-1.2953	-0.774941	
0.735353	0.816084	-0.184685	-0.638188	0.318227	-1.29679	-0.777461	
0.728091	0.816371	-0.182915	-0.63713	0.331859	-1.29819	-0.778871	
0.7214	0.816827	-0.180892	-0.636085	0.343292	-1.2996	-0.780295	
0.715358	0.817407	-0.178683	-0.63505	0.353013	-1.30093	-0.781369	
0.709845	0.818086	-0.176342	-0.634019	0.361393	-1.30225	-0.782197	
0.704761	0.818843	-0.173908	-0.632988	0.368721	-1.30356	-0.78285	
0.700025	0.819659	-0.171408	-0.631954	0.375223	-1.30485	-0.783376	
0.695575	0.820524	-0.168862	-0.630918	0.381074	-1.30615	-0.78381	
0.691374	0.821417	-0.166287	-0.629889	0.386403	-1.30745	-0.78388	
0.687396	0.822362	-0.163692	-0.628839	0.39134	-1.30874	-0.784252	
0.683515	0.823317	-0.161087	-0.627794	0.395945	-1.31001	-0.784608	
0.679558	0.82429	-0.158477	-0.626744	0.400295	-1.31127	-0.784854	
0.675979	0.825268	-0.155852	-0.625692	0.404453	-1.31255	-0.785377	
0.672589	0.826233	-0.153259	-0.624654	0.408427	-1.31381	-0.786158	
0.669129	0.827252	-0.150662	-0.623598	0.412268	-1.31509	-0.786125	
0.665736	0.828275	-0.148071	-0.622544	0.415999	-1.31636	-0.786157	
0.662321	0.829301	-0.145486	-0.621492	0.419638	-1.31763	-0.786355	
0.659053	0.830331	-0.142914	-0.620439	0.423208	-1.3189	-0.786417	
0.655829	0.831363	-0.140353	-0.619386	0.426713	-1.32016	-0.78651	
0.652857	0.832396	-0.137801	-0.618333	0.430163	-1.32143	-0.786708	
0.649661	0.83343	-0.135267	-0.617274	0.433559	-1.32269	-0.786801	
0.646658	0.834465	-0.132744	-0.616214	0.436921	-1.32395	-0.786936	
0.643508	0.835501	-0.130234	-0.615156	0.440239	-1.32521	-0.78705	
0.640516	0.836536	-0.127738	-0.6141	0.443531	-1.32646	-0.787045	
0.637484	0.837569	-0.125259	-0.613041	0.446791	-1.32771	-0.78734	
0.634451	0.838601	-0.122801	-0.611981	0.450025	-1.32898	-0.787846	
0.631485	0.839635	-0.12034	-0.610924	0.453241	-1.33024	-0.788005	
0.628449	0.84067	-0.11788	-0.609863	0.456431	-1.3315	-0.788453	
0.625608	0.841703	-0.115441	-0.608811	0.459597	-1.33275	-0.78804	
0.622624	0.842734	-0.113026	-0.607751	0.462745	-1.33403	-0.788107	
0.61984	0.843764	-0.110628	-0.606693	0.465873	-1.33533	-0.788215	
0.617084	0.844793	-0.108245	-0.605632	0.468979	-1.33662	-0.788618	
0.614129	0.845822	-0.105866	-0.60457	0.472063	-1.33789	-0.78862	
0.611218	0.846849	-0.103499	-0.60351	0.475134	-1.33915	-0.788664	
0.608261	0.847876	-0.101139	-0.60245	0.478191	-1.34043	-0.788572	
0.605536	0.848898	-0.0988175	-0.601396	0.481235	-1.34173	-0.788791	
0.60272	0.849922	-0.0964883	-0.600334	0.484256	-1.34298	-0.788904	
0.599934	0.850945	-0.0941728	-0.599271	0.487261	-1.34425	-0.789021	
0.597121	0.851966	-0.091863	-0.598207	0.49025	-1.34551	-0.788981	
0.594433	0.852986	-0.0895781	-0.597145	0.493223	-1.34676	-0.789252	
0.591635	0.854005	-0.0873005	-0.596079	0.496199	-1.34801	-0.789807	
0.588951	0.855022	-0.0850382	-0.595018	0.499129	-1.34929	-0.789784	
0.586309	0.856038	-0.082789	-0.593954	0.502043	-1.35057	-0.789805	
0.583683	0.857053	-0.0805521	-0.59289	0.504939	-1.35185	-0.789856	
0.581075	0.858066	-0.0783274	-0.591824	0.507817	-1.35312	-0.789926	
0.578565	0.859078	-0.0761165	-0.590756	0.510679	-1.35442	-0.789683	
0.576024	0.860088	-0.0739155	-0.589689	0.513518	-1.3557	-0.78988	
0.573419	0.861098	-0.0717269	-0.588618	0.516341	-1.35697	-0.790047	
0.570837	0.862106	-0.0695499	-0.587547	0.51915	-1.35824	-0.790196	
0.56834	0.863112	-0.0673852	-0.586477	0.521945	-1.35952	-0.790329	
0.565844	0.864117	-0.0652316	-0.585405	0.524721	-1.36079	-0.790448	
0.563361	0.865121	-0.0631026	-0.584331	0.527481	-1.36206	-0.79035	
0.560849	0.866123	-0.0609707	-0.583255	0.530222	-1.36333	-0.790574	
0.558395	0.867125	-0.0588486	-0.582183	0.532951	-1.36462	-0.790712	
0.555952	0.868124	-0.0567393	-0.58111	0.535662	-1.3659	-0.790835	
0.553538	0.869121	-0.0546484	-0.580035	0.538357	-1.36717	-0.790823	
0.551129	0.870117	-0.0525644	-0.578959	0.541035	-1.36845	-0.791131	
0.548749	0.871112	-0.0504881	-0.577882	0.543696	-1.36974	-0.791209	
0.546363	0.872106	-0.0484239	-0.576804	0.546341	-1.37103	-0.791289	
0.544029	0.873098	-0.0463713	-0.575725	0.54897	-1.37232	-0.791371	
0.5417	0.874089	-0.0443303	-0.574645	0.551583	-1.37359	-0.791453	
0.539354	0.875075	-0.0423009	-0.573563	0.554179	-1.37485	-0.791539	
0.537085	0.876053	-0.0402843	-0.57248	0.556761	-1.37615	-0.791409	
0.534807	0.877041	-0.0382764	-0.571396	0.559325	-1.37745	-0.791561	
0.532532	0.878027	-0.0362794	-0.570312	0.561873	-1.37874	-0.791689	
0.530293	0.879011	-0.0342926	-0.569226	0.564405	-1.38002	-0.7918	
0.528057	0.879993	-0.0323169	-0.56814	0.566921	-1.38131	-0.791899	
0.52583	0.880984	-0.030348	-0.567057	0.569415	-1.3826	-0.791876	
0.523636	0.882069	-0.0283508	-0.56597	0.571883	-1.38389	-0.792177	
0.521456	0.883021	-0.0264124	-0.564886	0.574348	-1.38516	-0.792222	
0.519281	0.883974	-0.0244851	-0.563796	0.5768	-1.38644	-0.792273	
0.517134	0.88493	-0.0225676	-0.562704	0.579239	-1.38773	-0.792333	
0.514987	0.885888	-0.0206593	-0.56161	0.581662	-1.38902	-0.792393	
0.512859	0.886847	-0.0187603	-0.560514	0.58407	-1.3903	-0.792456	
0.510733	0.887807	-0.0168707	-0.559417	0.586463	-1.39157	-0.792518	
0.508635	0.888767	-0.0149904	-0.558319	0.588842	-1.39287	-0.792581	
0.506549	0.889729	-0.0131187	-0.557221	0.591205	-1.39416	-0.792434	
0.504483	0.890689	-0.0112568	-0.556121	0.593554	-1.39544	-0.79261	
0.502431	0.891645	-0.00940466	-0.555021	0.595885	-1.39671	-0.7927	
0.50039	0.8926	-0.00756203	-0.553918	0.598201	-1.39799	-0.792779	
0.498364	0.893555	-0.00572871	-0.552815	0.600502	-1.39926	-0.792849	
0.496349	0.894508	-0.00390475	-0.551711	0.602788	-1.40055	-0.792913	
0.494348	0.895459	-0.00209012	-0.550606	0.605058	-1.40185	-0.792973	
0.492363	0.896409	-0.000284825	-0.549499	0.607314	-1.40314	-0.79303	
0.490389	0.897356	0.001511	-0.548392	0.609554	-1.40442	-0.793082	
0.488335	0.921308	0.149132	-0.582493	0.548889	-1.39882	-0.745843	
0.48845	0.939818	0.264323	-0.605546	0.500918	-1.39588	-0.711754	
0.489678	0.954283	0.354209	-0.621187	0.463123	-1.39459	-0.687127	
0.491386	0.96566	0.424286	-0.631796	0.433517	-1.39435	-0.668977	
0.493206	0.974694	0.478826	-0.638948	0.41052	-1.39476	-0.655921	
0.494922	0.981922	0.52117	-0.643694	0.392865	-1.39559	-0.646062	
0.496435	0.987682	0.553928	-0.646745	0.379532	-1.39667	-0.639158	
0.497695	0.992419	0.579159	-0.648603	0.36968	-1.39793	-0.63364	
0.498684	0.996298	0.598475	-0.649605	0.362639	-1.39929	-0.62996	
0.499417	0.999498	0.613139	-0.649981	0.357868	-1.40067	-0.627069	
0.499916	1.00216	0.624148	-0.649902	0.354926	-1.40211	-0.624862	
0.500221	1.00439	0.632282	-0.649482	0.353458	-1.40355	-0.623062	
0.500334	1.00629	0.638156	-0.648808	0.353175	-1.40501	-0.621795	
0.500278	1.00792	0.642257	-0.647944	0.353842	-1.40652	-0.620744	
0.500079	1.00934	0.644964	-0.646933	0.355271	-1.40803	-0.620049	
0.499772	1.01058	0.646578	-0.645813	0.357308	-1.40954	-0.61941	
0.499361	1.01168	0.647335	-0.644607	0.359828	-1.41106	-0.618986	
0.498874	1.01268	0.647418	-0.643332	0.362736	-1.41257	-0.618759	
0.498318	1.01358	0.646976	-0.642005	0.365948	-1.41414	-0.618512	
0.497707	1.01443	0.646124	-0.640636	0.369398	-1.41565	-0.618557	
0.49705	1.01522	0.644953	-0.639234	0.373035	-1.41717	-0.618518	
0.496354	1.01596	0.643534	-0.637806	0.376817	-1.41868	-0.618494	
0.495624	1.01666	0.641924	-0.636356	0.380709	-1.42018	-0.618307	
0.494864	1.01734	0.640167	-0.63489	0.384684	-1.42171	-0.618059	
0.49409	1.01799	0.638298	-0.63341	0.38872	-1.42321	-0.618055	
0.493296	1.01862	0.636344	-0.631917	0.392799	-1.42473	-0.618117	
0.492492	1.01924	0.634328	-0.630415	0.396907	-1.42625	-0.618078	
0.491672	1.01984	0.632266	-0.628904	0.401032	-1.42776	-0.618066	
0.490849	1.02043	0.630174	-0.627386	0.405166	-1.42926	-0.618243	
0.490017	1.02097	0.628061	-0.625863	0.409301	-1.43075	-0.618259	
0.489173	1.0215	0.625932	-0.624329	0.413434	-1.43223	-0.618485	
0.488331	1.02204	0.623794	-0.622789	0.417561	-1.43375	-0.618525	
0.48748	1.02258	0.621654	-0.621244	0.421675	-1.43522	-0.618245	
0.486628	1.02312	0.619516	-0.619695	0.425774	-1.43671	-0.618229	
0.485774	1.02366	0.617384	-0.618143	0.429855	-1.43819	-0.618428	
0.484917	1.0242	0.615261	-0.616587	0.433915	-1.43966	-0.618272	
0.48406	1.02475	0.613149	-0.615029	0.437953	-1.44116	-0.618373	
0.483204	1.02529	0.611049	-0.613469	0.441967	-1.44262	-0.618266	
0.48235	1.02583	0.608963	-0.611905	0.445956	-1.44407	-0.618396	
0.481486	1.02642	0.606892	-0.61034	0.449919	-1.44557	-0.618419	
0.480635	1.02699	0.604839	-0.608776	0.453854	-1.44701	-0.618299	
0.479772	1.02756	0.602803	-0.60721	0.457761	-1.44842	-0.618397	
0.478912	1.02812	0.600782	-0.605641	0.461642	-1.44989	-0.618191	
0.478074	1.02867	0.598777	-0.60407	0.465497	-1.45139	-0.618321	
0.477212	1.02922	0.596788	-0.602495	0.469325	-1.45289	-0.618294	
0.476353	1.02976	0.594814	-0.600917	0.473129	-1.45436	-0.618518	
0.475508	1.03031	0.592855	-0.599335	0.476906	-1.45581	-0.618184	
0.474651	1.03085	0.590913	-0.597752	0.480658	-1.45722	-0.618127	
0.473799	1.03138	0.588988	-0.596168	0.484381	-1.45865	-0.618405	
0.472955	1.0319	0.58708	-0.594581	0.488079	-1.46008	-0.618254	
0.47212	1.03242	0.585185	-0.592988	0.491753	-1.46154	-0.618368	
0.471271	1.03294	0.583305	-0.591393	0.495401	-1.46297	-0.618331	
0.470443	1.03349	0.581447	-0.589798	0.499021	-1.46441	-0.618552	
0.469608	1.034	0.579599	-0.588199	0.502616	-1.46583	-0.618218	
0.468748	1.03451	0.577765	-0.586596	0.506187	-1.46722	-0.618167	
0.467894	1.03503	0.575948	-0.584993	0.509732	-1.46862	-0.61787	
0.467054	1.03554	0.574144	-0.583385	0.513255	-1.47003	-0.617858	
0.466203	1.03605	0.572357	-0.581776	0.516751	-1.47146	-0.618102	
0.465352	1.03655	0.570584	-0.580165	0.520222	-1.47289	-0.618211	
0.464512	1.03706	0.568827	-0.578551	0.523668	-1.47427	-0.61833	
0.463679	1.03755	0.567083	-0.576934	0.52709	-1.47562	-0.618134	
0.462853	1.03806	0.565355	-0.575315	0.530488	-1.47698	-0.618215	
