3.01765	80.4028	-10.1412	-58.1824	-4.76299	9.91722	-0.532543	
3.0666	80.5513	-10.1445	-58.0227	-4.76409	9.94196	-0.530713	
3.11622	80.6881	-10.1466	-57.8694	-4.76414	9.96609	-0.528888	
3.1658	80.8256	-10.1487	-57.7162	-4.76427	9.99013	-0.527073	
3.2159	80.9631	-10.1501	-57.5637	-4.7642	10.0141	-0.52527	
3.26554	81.0991	-10.1519	-57.4121	-4.76429	10.0379	-0.523471	
3.31517	81.2352	-10.1536	-57.2608	-4.76441	10.0615	-0.521682	
3.36481	81.3723	-10.1551	-57.1097	-4.76459	10.0851	-0.519903	
3.4148	81.5072	-10.1562	-56.9599	-4.76459	10.1085	-0.518132	
3.46329	81.6437	-10.1587	-56.8098	-4.76518	10.1317	-0.516371	
3.51392	81.7762	-10.1588	-56.6619	-4.76491	10.1549	-0.514619	
3.56303	81.911	-10.1604	-56.5133	-4.7653	10.1779	-0.512874	
3.61484	82.0378	-10.1591	-56.3686	-4.76441	10.2009	-0.511142	
3.66224	82.1851	-10.1625	-56.2168	-4.76859	10.2226	-0.259098	
3.70172	82.3416	-10.181	-56.0344	-4.04608	10.2414	-0.0937479	
3.76913	82.4796	-10.1832	-55.788	-3.54109	10.2462	0.0120362	
3.84931	82.6173	-10.1761	-55.5022	-3.18781	10.2517	0.0804132	
3.93313	82.7671	-10.1649	-55.1951	-2.94085	10.2625	0.12494	
4.01151	82.8791	-10.158	-54.8953	-2.76799	10.2781	0.15401	
4.09024	83.0534	-10.1472	-54.5791	-2.64841	10.3016	0.173042	
4.16408	83.1815	-10.1387	-54.2889	-2.56372	10.3282	0.18545	
4.23452	83.3421	-10.1309	-54.0007	-2.50578	10.3585	0.193513	
4.30134	83.5045	-10.1245	-53.7264	-2.46593	10.3904	0.198708	
4.36478	83.6614	-10.1195	-53.4688	-2.43859	10.4227	0.202017	
4.42546	83.8175	-10.1156	-53.2263	-2.42005	10.4548	0.204079	
4.48462	83.9724	-10.1116	-52.9977	-2.40762	10.4864	0.205338	
4.54167	84.1253	-10.1087	-52.7822	-2.39961	10.5171	0.206069	
4.59719	84.2722	-10.1062	-52.5804	-2.39443	10.5465	0.206465	
4.65058	84.4179	-10.1054	-52.3887	-2.3918	10.5746	0.206645	
4.7029	84.5461	-10.1048	-52.2124	-2.39015	10.6011	0.206713	
4.7564	84.7008	-10.1021	-52.0351	-2.38962	10.6274	0.206655	
4.8077	84.8364	-10.1013	-51.8712	-2.38984	10.6521	0.206579	
4.85951	84.9679	-10.0993	-51.7154	-2.39003	10.6757	0.206477	
4.91005	85.0975	-10.0984	-51.5654	-2.39084	10.6983	0.206365	
4.96042	85.2245	-10.0973	-51.421	-2.39173	10.72	0.20625	
5.01048	85.3498	-10.0961	-51.2813	-2.39275	10.741	0.206137	
5.06027	85.4736	-10.0949	-51.1459	-2.39383	10.7612	0.206029	
5.10996	85.5957	-10.0936	-51.0142	-2.39489	10.7809	0.205927	
5.15964	85.7155	-10.0919	-50.8861	-2.39583	10.8001	0.205831	
5.20923	85.8328	-10.0901	-50.7615	-2.39665	10.8187	0.205743	
5.25804	85.9538	-10.089	-50.6374	-2.39807	10.8368	0.205664	
5.30742	86.0731	-10.087	-50.5158	-2.39902	10.8549	0.205584	
5.39621	86.1455	-10.0268	-50.42	-2.39188	4.699	0.204096	
5.48301	86.742	-10.062	-49.2644	-2.37136	-0.680393	0.201467	
5.64521	87.6655	-10.0387	-23.4188	-2.44318	-5.15573	0.195096	
5.95241	91.1192	-10.221	-8.43906	-2.58269	-9.37616	0.175451	
6.25428	95.3751	-10.4741	0.642825	-2.71969	-12.8202	0.154802	
6.50548	99.5706	-10.727	6.37212	-2.83489	-15.5055	0.136605	
6.96342	52.0006	-10.5223	10.0828	-2.88658	-17.3473	0.122481	
7.34129	13.6016	-10.4681	11.5471	-2.89881	-18.7429	0.109724	
7.63572	-17.1841	-10.4839	11.952	-2.88017	-19.7862	0.09883	
7.83013	-41.7443	-10.5678	11.857	-2.85276	-20.5683	0.0897491	
7.95256	-61.2561	-10.6798	11.5369	-2.82038	-21.1546	0.0822943	
8.02341	-76.7013	-10.8001	11.1354	-2.78716	-21.5952	0.0762384	
8.05886	-88.8955	-10.9165	10.7244	-2.75544	-21.9275	0.07137	
8.07357	-98.4913	-11.019	10.3426	-2.72579	-22.1789	0.0674873	
8.07393	-106.024	-11.1075	10.0079	-2.69996	-22.3699	0.0644147	
8.06847	-111.925	-11.1775	9.72179	-2.67665	-22.516	0.0620116	
8.06093	-116.531	-11.2298	9.48656	-2.65619	-22.6282	0.0601588	
8.05391	-120.118	-11.2654	9.29716	-2.63809	-22.7152	0.0587491	
8.04887	-122.902	-11.286	9.14906	-2.62214	-22.7831	0.0576995	
8.04626	-125.045	-11.2934	9.03838	-2.60817	-22.8369	0.0569351	
8.04611	-126.693	-11.2902	8.95779	-2.59581	-22.88	0.0564132	
8.05046	-127.945	-11.2753	8.90416	-2.58426	-22.9148	0.0560791	
8.05709	-128.891	-11.253	8.87173	-2.57376	-22.9437	0.0558913	
8.06609	-129.592	-11.224	8.85813	-2.56417	-22.968	0.0558244	
8.07738	-130.104	-11.1894	8.85948	-2.55513	-22.9889	0.055856	
8.09035	-130.464	-11.1506	8.87409	-2.54681	-23.0072	0.0559593	
8.10512	-130.707	-11.1078	8.89894	-2.53874	-23.0234	0.0561268	
8.12115	-130.859	-11.0623	8.93169	-2.53092	-23.0383	0.0563441	
8.13862	-130.938	-11.014	8.97157	-2.52318	-23.052	0.0566031	
8.15631	-130.959	-10.9646	9.01724	-2.51587	-23.065	0.0568891	
8.17495	-130.936	-10.9137	9.06818	-2.50866	-23.0771	0.057201	
8.19388	-130.878	-10.862	9.12271	-2.50158	-23.0888	0.0575347	
8.2138	-130.791	-10.8088	9.18091	-2.49437	-23.1	0.0578851	
8.23367	-130.685	-10.7555	9.24088	-2.48721	-23.1111	0.0582476	
8.25375	-130.56	-10.7018	9.30368	-2.48015	-23.1218	0.0586227	
8.27327	-130.425	-10.6484	9.36759	-2.47309	-23.1326	0.0589745	
8.29442	-130.272	-10.5937	9.43525	-2.46607	-23.1428	0.0594048	
8.31462	-130.115	-10.5398	9.5031	-2.45904	-23.1531	0.0598103	
8.33506	-129.951	-10.4856	9.57229	-2.4519	-23.1633	0.060195	
8.35517	-129.781	-10.4319	9.64295	-2.44494	-23.1734	0.0606044	
8.37541	-129.609	-10.378	9.71358	-2.43776	-23.1835	0.0610192	
8.3954	-129.431	-10.3247	9.78666	-2.43075	-23.1934	0.0614246	
8.41537	-129.252	-10.2714	9.85944	-2.4236	-23.2033	0.0618435	
8.43536	-129.07	-10.2181	9.93284	-2.41636	-23.2132	0.0622658	
8.45481	-128.886	-10.1656	10.008	-2.40939	-23.2229	0.0626838	
8.47467	-128.701	-10.1127	10.083	-2.40208	-23.2327	0.0631117	
8.4938	-128.514	-10.0607	10.1591	-2.39506	-23.2423	0.0635404	
8.51298	-128.327	-10.0087	10.2357	-2.38792	-23.2519	0.0639681	
8.52979	-128.122	-9.95962	10.3193	-2.38255	-23.2613	0.0644336	
8.55143	-127.95	-9.90502	10.39	-2.37324	-23.271	0.0648206	
8.57027	-127.766	-9.85373	10.4667	-2.36578	-23.2805	0.0652526	
8.58867	-127.568	-9.80303	10.5483	-2.35898	-23.2897	0.0656986	
8.60675	-127.372	-9.75277	10.6297	-2.35215	-23.299	0.0661306	
8.62473	-127.179	-9.70273	10.7101	-2.34511	-23.3083	0.0665687	
8.643	-126.987	-9.65234	10.7907	-2.33772	-23.3175	0.0670073	
8.6605	-126.795	-9.60293	10.8718	-2.33073	-23.3266	0.0674464	
8.6777	-126.6	-9.55401	10.9546	-2.32391	-23.3357	0.0678923	
8.69535	-126.406	-9.50451	11.0369	-2.31663	-23.3447	0.0683346	
8.71298	-126.211	-9.45507	11.1201	-2.30928	-23.3536	0.0687712	
8.72959	-126.012	-9.40698	11.2055	-2.3027	-23.3624	0.0692214	
8.74644	-125.819	-9.35849	11.2884	-2.29545	-23.3713	0.0696655	
8.763	-125.623	-9.31045	11.3734	-2.28848	-23.3801	0.0701126	
8.77947	-125.421	-9.26259	11.4608	-2.28171	-23.3886	0.0705583	
8.79552	-125.227	-9.21518	11.5461	-2.27473	-23.3972	0.0710041	
8.81122	-125.028	-9.1682	11.6331	-2.26799	-23.4058	0.0714504	
8.82732	-124.829	-9.12079	11.7207	-2.26107	-23.4142	0.0719032	
8.84295	-124.629	-9.07386	11.8091	-2.25428	-23.4225	0.0723542	
8.94151	-124.369	-8.92185	11.8808	-2.9465	-23.4033	0.0742247	
9.0573	-126.95	-8.76594	10.9939	-3.33015	-23.4399	0.0778923	
8.95777	-123.29	-8.79639	12.2976	-3.94409	-23.3796	0.0774799	
8.94674	-123.303	-8.76311	12.3303	-4.26072	-23.3844	0.079244	
8.92628	-123.282	-8.74267	12.382	-4.50735	-23.3913	0.0808057	
8.90284	-123.229	-8.72852	12.4475	-4.69955	-23.3994	0.0821704	
8.88041	-123.153	-8.71622	12.5218	-4.8492	-23.4082	0.0833574	
8.86107	-123.054	-8.70311	12.6034	-4.96582	-23.4174	0.0843841	
8.84521	-122.94	-8.68826	12.6888	-5.05681	-23.4268	0.085279	
8.83322	-122.807	-8.67077	12.7789	-5.12806	-23.4361	0.0860603	
8.82484	-122.664	-8.65053	12.8709	-5.18385	-23.4455	0.086749	
8.81975	-122.504	-8.62756	12.9668	-5.22795	-23.4546	0.087363	
8.81767	-122.346	-8.60202	13.0604	-5.2623	-23.4637	0.0878683	
8.81789	-122.171	-8.57432	13.1586	-5.29002	-23.4725	0.0884374	
8.82019	-121.988	-8.54465	13.2586	-5.31227	-23.4811	0.0889028	
8.82443	-121.802	-8.5131	13.3582	-5.32997	-23.4896	0.0893363	
8.82932	-121.613	-8.48087	13.4589	-5.3447	-23.4978	0.0897494	
8.8351	-121.419	-8.44768	13.5604	-5.35696	-23.506	0.0901432	
8.84247	-121.222	-8.4129	13.6625	-5.3669	-23.514	0.0905271	
8.85027	-121.022	-8.3776	13.7656	-5.37543	-23.522	0.0909013	
8.85837	-120.822	-8.34188	13.8688	-5.38275	-23.5294	0.0912542	
8.86691	-120.611	-8.30565	13.9753	-5.38945	-23.5369	0.0916205	
8.87554	-120.41	-8.26928	14.0788	-5.39503	-23.5444	0.0919734	
8.88429	-120.205	-8.23268	14.1837	-5.40016	-23.5517	0.092324	
8.89306	-119.998	-8.19595	14.2898	-5.40493	-23.5588	0.0926703	
8.90188	-119.787	-8.1591	14.397	-5.4094	-23.5657	0.0930134	
8.91111	-119.572	-8.12183	14.5065	-5.41362	-23.5724	0.0933411	
8.9198	-119.362	-8.08482	14.6139	-5.41742	-23.5792	0.0937034	
8.92848	-119.149	-8.04783	14.7232	-5.4212	-23.5857	0.0940439	
8.93702	-118.938	-8.01089	14.8321	-5.42472	-23.5922	0.0943812	
8.94551	-118.723	-7.9739	14.9425	-5.42818	-23.5984	0.0947223	
8.95356	-118.508	-7.9372	15.0536	-5.43167	-23.6045	0.0950575	
8.96196	-118.292	-7.9001	15.1653	-5.43484	-23.6105	0.0953995	
8.96969	-118.076	-7.86367	15.2777	-5.43835	-23.6167	0.0957449	
8.97782	-117.858	-7.82646	15.3911	-5.44116	-23.6219	0.096073	
8.98549	-117.641	-7.78965	15.5044	-5.44412	-23.6273	0.0964128	
8.99272	-117.426	-7.75324	15.6179	-5.44714	-23.6328	0.0967525	
8.9999	-117.206	-7.71672	15.7332	-5.45016	-23.638	0.0970927	
9.0068	-116.984	-7.68033	15.8498	-5.45324	-23.643	0.0974342	
9.01372	-116.764	-7.64381	15.9661	-5.45606	-23.6479	0.0977705	
9.02042	-116.544	-7.60737	16.0831	-5.45884	-23.6526	0.0981096	
9.02711	-116.317	-7.57078	16.2023	-5.46168	-23.6572	0.0984518	
9.03316	-116.103	-7.5347	16.3184	-5.46422	-23.6617	0.0987717	
9.03919	-115.88	-7.49847	16.4376	-5.46693	-23.6658	0.0991333	
9.04539	-115.655	-7.46194	16.5579	-5.46946	-23.6699	0.0994708	
9.05105	-115.434	-7.42577	16.6774	-5.47194	-23.6738	0.0998087	
9.05651	-115.23	-7.38992	16.7924	-5.474	-23.6776	0.100201	
9.06205	-114.981	-7.35319	16.9214	-5.47694	-23.6809	0.100476	
9.06757	-114.761	-7.31676	17.042	-5.47897	-23.6842	0.100822	
9.07298	-114.545	-7.2804	17.162	-5.4808	-23.6879	0.101165	
9.07688	-114.303	-7.24479	17.2906	-5.48408	-23.6903	0.101506	
9.08151	-114.063	-7.20871	17.4193	-5.487	-23.693	0.101843	
9.08612	-113.852	-7.17242	17.5392	-5.48839	-23.6958	0.102188	
9.09055	-113.63	-7.13611	17.6628	-5.4902	-23.6981	0.102535	
9.09474	-113.41	-7.09992	17.7865	-5.492	-23.7004	0.102924	
9.09882	-113.172	-7.06351	17.9165	-5.49429	-23.7023	0.103212	
9.10289	-112.939	-7.027	18.045	-5.49624	-23.704	0.103561	
9.10634	-112.715	-6.99091	18.1717	-5.49806	-23.7057	0.103903	
9.10987	-112.488	-6.95459	18.2994	-5.49979	-23.7071	0.104251	
9.11346	-112.26	-6.91797	18.428	-5.50132	-23.7082	0.104603	
9.11653	-112.029	-6.88172	18.5583	-5.5032	-23.7091	0.104942	
9.11969	-111.798	-6.84516	18.6889	-5.50481	-23.7098	0.105288	
9.12299	-111.569	-6.80825	18.8188	-5.50596	-23.7105	0.105634	
9.12543	-111.336	-6.77205	18.9515	-5.5079	-23.7108	0.105987	
9.12788	-111.095	-6.7355	19.0865	-5.50976	-23.7108	0.106367	
9.13092	-110.882	-6.69848	19.2135	-5.51025	-23.7107	0.106679	
9.13295	-110.639	-6.66187	19.3499	-5.51205	-23.7104	0.107084	
9.13578	-110.42	-6.62469	19.48	-5.51265	-23.7098	0.107371	
9.13802	-110.186	-6.58767	19.6146	-5.51382	-23.7089	0.107727	
9.14003	-109.952	-6.5507	19.7499	-5.51502	-23.7079	0.108085	
9.14222	-109.721	-6.51337	19.8849	-5.51588	-23.7066	0.108443	
9.14445	-109.489	-6.47581	20.0201	-5.51657	-23.7052	0.108798	
9.14574	-109.256	-6.43903	20.157	-5.51782	-23.7032	0.10915	
9.14986	-109.019	-6.3992	20.2932	-5.5171	-23.7014	0.109531	
9.14727	-108.8	-6.36585	20.4295	-5.52028	-23.6991	0.109849	
9.15144	-108.561	-6.32566	20.5672	-5.51938	-23.6967	0.110224	
9.15271	-108.33	-6.28815	20.7049	-5.52005	-23.6939	0.110581	
9.15428	-108.097	-6.25009	20.8433	-5.52043	-23.6911	0.110945	
9.15573	-107.866	-6.21204	20.9817	-5.52075	-23.6879	0.111307	
9.1568	-107.635	-6.17418	21.1208	-5.52119	-23.6843	0.111668	
9.15827	-107.404	-6.13576	21.2599	-5.52128	-23.6807	0.112034	
9.15958	-107.173	-6.09731	21.3993	-5.52134	-23.6768	0.112399	
9.16085	-106.942	-6.05872	21.5392	-5.52131	-23.6726	0.112764	
9.16238	-106.714	-6.01978	21.6787	-5.52103	-23.6682	0.113133	
9.16328	-106.483	-5.9812	21.8197	-5.52106	-23.6635	0.113501	
9.16456	-106.258	-5.94214	21.9585	-5.52053	-23.6586	0.11388	
9.1655	-106.021	-5.90321	22.1023	-5.52061	-23.6534	0.114239	
9.16684	-105.794	-5.86383	22.2429	-5.52002	-23.6481	0.114612	
9.16803	-105.576	-5.82448	22.3812	-5.51918	-23.6423	0.114994	
9.16928	-105.34	-5.78468	22.5249	-5.51866	-23.6364	0.115366	
9.17031	-105.112	-5.74516	22.6672	-5.51813	-23.6303	0.115738	
9.17154	-104.885	-5.70528	22.8092	-5.51732	-23.6239	0.116115	
9.17281	-104.659	-5.66519	22.9512	-5.51639	-23.6173	0.116495	
9.17402	-104.435	-5.62504	23.0928	-5.51536	-23.6103	0.116876	
9.17538	-104.208	-5.58461	23.2357	-5.51429	-23.6032	0.117255	
9.17649	-103.988	-5.54435	23.3769	-5.51311	-23.5958	0.117642	
9.17816	-103.76	-5.50334	23.5203	-5.5118	-23.5882	0.118028	
9.17961	-103.544	-5.46249	23.6611	-5.51017	-23.5801	0.118419	
9.18093	-103.321	-5.42164	23.804	-5.50888	-23.572	0.118802	
9.18231	-103.102	-5.38063	23.9457	-5.50735	-23.5637	0.119189	
9.18392	-102.886	-5.33933	24.087	-5.50559	-23.5551	0.119581	
9.18551	-102.665	-5.29786	24.2298	-5.50391	-23.5462	0.119972	
9.18758	-102.443	-5.25586	24.3729	-5.50193	-23.5372	0.120366	
9.18942	-102.223	-5.21406	24.5159	-5.50009	-23.5277	0.120759	
9.19145	-102.013	-5.172	24.6563	-5.49783	-23.5182	0.121159	
9.19138	-101.819	-5.1316	24.793	-5.49628	-23.5084	0.121564	
9.19539	-101.579	-5.08757	24.9413	-5.49364	-23.4984	0.12195	
9.19737	-101.368	-5.04522	25.0825	-5.49137	-23.4879	0.122351	
9.1996	-101.157	-5.0026	25.2235	-5.48893	-23.4774	0.122754	
9.20203	-100.947	-4.95972	25.3644	-5.48636	-23.4667	0.123156	
9.20444	-100.738	-4.9168	25.5053	-5.48378	-23.4558	0.123566	
9.20613	-100.541	-4.87457	25.6436	-5.48154	-23.4445	0.123968	
9.20986	-100.322	-4.83016	25.7867	-5.47819	-23.4331	0.124375	
9.21257	-100.12	-4.78678	25.9259	-5.47528	-23.4214	0.124786	
9.21547	-99.9156	-4.74317	26.0656	-5.47232	-23.4095	0.125196	
9.21855	-99.7098	-4.69933	26.2058	-5.4693	-23.3976	0.125602	
9.22167	-99.512	-4.65545	26.3439	-5.46609	-23.3853	0.126021	
9.22515	-99.3136	-4.61122	26.4822	-5.46273	-23.3726	0.126442	
9.22845	-99.1134	-4.56703	26.6212	-5.4595	-23.3597	0.126851	
9.2316	-98.9164	-4.52293	26.7592	-5.4563	-23.3469	0.127265	
9.23579	-98.7205	-4.47797	26.8966	-5.45253	-23.3337	0.127686	
9.23958	-98.5261	-4.43328	27.0338	-5.44897	-23.3203	0.128106	
9.24351	-98.3375	-4.38846	27.1694	-5.44522	-23.3068	0.128527	
9.24778	-98.1424	-4.34327	27.3065	-5.44144	-23.2932	0.12895	
9.25206	-97.9525	-4.29809	27.4423	-5.4376	-23.2792	0.129373	
9.25635	-97.763	-4.25285	27.5779	-5.43376	-23.2651	0.129799	
9.26105	-97.5908	-4.2073	27.7089	-5.4293	-23.2505	0.130228	
9.26548	-97.3939	-4.16197	27.8463	-5.4258	-23.2366	0.130651	
9.27062	-97.1905	-4.11578	27.985	-5.4218	-23.2219	0.131062	
9.27589	-97.0276	-4.0698	28.1132	-5.41696	-23.2065	0.131512	
9.28101	-96.846	-4.0238	28.2462	-5.41269	-23.1914	0.131941	
9.28626	-96.6677	-3.9777	28.3782	-5.40833	-23.1762	0.132374	
9.29191	-96.491	-3.93125	28.5094	-5.40375	-23.1608	0.132806	
9.29747	-96.3125	-3.8849	28.6413	-5.39931	-23.1452	0.133238	
9.30302	-96.1368	-3.83859	28.7723	-5.39492	-23.1294	0.133668	
9.30961	-95.9543	-3.79126	28.9043	-5.38999	-23.1136	0.134106	
9.31536	-95.801	-3.74487	29.0291	-5.38512	-23.0974	0.134549	
9.32182	-95.6123	-3.69772	29.1626	-5.38062	-23.0814	0.134994	
9.32789	-95.4698	-3.6511	29.2843	-5.37544	-23.0647	0.135423	
9.33463	-95.2972	-3.60379	29.4133	-5.37053	-23.048	0.135863	
9.34123	-95.1382	-3.55669	29.5386	-5.36551	-23.0315	0.136305	
9.34809	-94.9746	-3.50937	29.6648	-5.36049	-23.0147	0.136746	
9.35523	-94.8123	-3.4618	29.7905	-5.35531	-22.9975	0.137189	
9.36244	-94.652	-3.41425	29.9155	-5.35014	-22.9803	0.137634	
9.36963	-94.4892	-3.36675	30.0409	-5.34517	-22.9631	0.138079	
9.37735	-94.343	-3.31883	30.1616	-5.33949	-22.9455	0.138523	
9.38484	-94.1853	-3.27111	30.2852	-5.33431	-22.9279	0.138969	
9.39225	-94.0445	-3.22361	30.4044	-5.32899	-22.9102	0.139402	
9.40063	-93.8836	-3.17516	30.5278	-5.32338	-22.8923	0.13986	
9.40872	-93.7354	-3.1271	30.6482	-5.31788	-22.8743	0.140318	
9.41697	-93.5865	-3.07894	30.7683	-5.31235	-22.8561	0.140766	
9.42523	-93.4443	-3.03085	30.8866	-5.30679	-22.8379	0.141214	
9.43367	-93.2995	-2.98264	31.0052	-5.30124	-22.8195	0.141663	
9.44237	-93.1574	-2.93424	31.1227	-5.2955	-22.8011	0.142114	
9.45111	-93.0178	-2.88588	31.2394	-5.28981	-22.7823	0.142565	
9.46	-92.8799	-2.83746	31.3555	-5.28407	-22.7635	0.143015	
9.46905	-92.7418	-2.78895	31.4712	-5.27829	-22.7447	0.143467	
9.47813	-92.6102	-2.74051	31.5849	-5.27249	-22.7257	0.143924	
9.48729	-92.4647	-2.69202	31.7019	-5.26697	-22.7067	0.144364	
9.49558	-92.4198	-2.64469	31.7938	-5.26045	-22.6873	0.144871	
9.50659	-92.2014	-2.59437	31.9276	-5.25487	-22.668	0.14528	
9.51614	-92.0783	-2.54579	32.038	-5.24891	-22.6486	0.145738	
9.52581	-91.9514	-2.49717	32.149	-5.24303	-22.6291	0.146192	
9.53568	-91.8291	-2.44843	32.2584	-5.23698	-22.6095	0.14665	
9.54567	-91.7071	-2.39967	32.3675	-5.23093	-22.5897	0.147104	
9.55563	-91.5902	-2.35103	32.4751	-5.22493	-22.5699	0.147565	
9.56693	-91.3728	-2.30081	32.6056	-5.2193	-22.551	0.147986	
9.57584	-91.3795	-2.25381	32.6838	-5.21264	-22.5296	0.148489	
9.58623	-91.2574	-2.20498	32.7917	-5.20663	-22.5096	0.148955	
9.59681	-91.1357	-2.15605	32.8989	-5.20053	-22.4895	0.149397	
9.60749	-91.0202	-2.10714	33.0044	-5.19435	-22.4692	0.149854	
9.6182	-90.9044	-2.05828	33.1095	-5.18822	-22.4488	0.150311	
9.62884	-90.7979	-2.00961	33.2121	-5.18213	-22.4284	0.150769	
9.63965	-90.6793	-1.96083	33.3172	-5.17612	-22.4081	0.151225	
9.65062	-90.5745	-1.91201	33.4187	-5.16987	-22.3874	0.151685	
9.66161	-90.4737	-1.86327	33.5188	-5.16363	-22.3665	0.152144	
9.67289	-90.3727	-1.81434	33.6186	-5.15721	-22.3455	0.152605	
9.68399	-90.2695	-1.76567	33.7186	-5.15107	-22.3247	0.153063	
9.69529	-90.1701	-1.7169	33.8174	-5.14477	-22.3036	0.153526	
9.7065	-90.0688	-1.66832	33.9162	-5.13865	-22.2828	0.15398	
9.68962	-90.2372	-1.63149	33.99	-4.42287	-22.2721	0.153576	
9.69552	-90.2205	-1.48685	34.0548	-3.92536	-22.2535	0.15399	
9.72596	-90.141	-1.31065	34.1112	-3.57573	-22.2317	0.154793	
9.77271	-90.0308	-1.13795	34.1675	-3.32806	-22.2083	0.155748	
9.82711	-89.891	-0.981662	34.2301	-3.15147	-22.1855	0.156735	
9.88232	-89.7717	-0.845185	34.2914	-3.02482	-22.1625	0.157697	
9.93429	-89.6611	-0.72729	34.355	-2.93383	-22.1398	0.158607	
9.98154	-89.5483	-0.62494	34.4242	-2.86819	-22.1178	0.159455	
10.0231	-89.4488	-0.535471	34.4942	-2.82079	-22.096	0.160246	
10.0591	-89.3692	-0.456218	34.5634	-2.7865	-22.0742	0.160985	
10.0906	-89.2913	-0.384712	34.6351	-2.76168	-22.0528	0.161679	
10.1176	-89.1917	-0.319302	34.7143	-2.74402	-22.0316	0.162331	
10.1414	-89.119	-0.258545	34.7891	-2.73119	-22.0104	0.162955	
10.1626	-89.0473	-0.201193	34.8651	-2.72192	-21.9893	0.163554	
10.1813	-88.9799	-0.146816	34.9415	-2.71555	-21.9682	0.164129	
10.1982	-88.923	-0.0944987	35.016	-2.71106	-21.947	0.164689	
10.2142	-88.8531	-0.0434354	35.0943	-2.70787	-21.9261	0.165235	
10.229	-88.7899	0.00630465	35.1712	-2.70578	-21.9051	0.165772	
10.2428	-88.7325	0.055046	35.2471	-2.70448	-21.884	0.166299	
10.2565	-88.6745	0.10338	35.3231	-2.70351	-21.8628	0.166824	
10.2688	-88.6221	0.150577	35.3982	-2.70335	-21.8417	0.167336	
10.2815	-88.5732	0.197772	35.4721	-2.70317	-21.8205	0.167843	
10.2939	-88.5107	0.244781	35.549	-2.70305	-21.7992	0.168361	
10.3057	-88.4596	0.291065	35.6233	-2.7034	-21.7779	0.168863	
10.3174	-88.4107	0.337276	35.6969	-2.70371	-21.7566	0.169366	
10.3291	-88.3647	0.383309	35.7696	-2.70405	-21.7352	0.169865	
10.3412	-88.3131	0.429644	35.843	-2.70406	-21.7138	0.170371	
10.352	-88.2688	0.474798	35.9152	-2.70488	-21.6923	0.170862	
10.3636	-88.2223	0.520585	35.9873	-2.7051	-21.6708	0.17136	
10.3751	-88.1771	0.566163	36.0587	-2.70536	-21.6493	0.171858	
10.3863	-88.1348	0.611474	36.1293	-2.70571	-21.6276	0.17235	
10.3976	-88.088	0.656818	36.2006	-2.70593	-21.606	0.172848	
10.4088	-88.0491	0.701992	36.2699	-2.70616	-21.5843	0.173337	
10.4198	-88.0131	0.746952	36.3383	-2.70643	-21.5625	0.173827	
10.4309	-87.9756	0.791921	36.4068	-2.70658	-21.5405	0.174315	
10.4418	-87.9336	0.836716	36.476	-2.70676	-21.5187	0.17481	
10.4527	-87.9013	0.88129	36.5428	-2.70698	-21.4967	0.175294	
10.4636	-87.8658	0.925964	36.61	-2.70702	-21.4748	0.175782	
10.4769	-87.8109	0.973138	36.6782	-2.70507	-21.4537	0.176302	
10.4847	-87.8027	1.01429	36.7424	-2.70751	-21.4304	0.176747	
10.4955	-87.7682	1.05878	36.8084	-2.70735	-21.4084	0.177233	
10.5066	-87.7355	1.10335	36.8737	-2.70699	-21.3863	0.177722	
10.5168	-87.7061	1.14712	36.938	-2.70715	-21.364	0.178203	
10.5278	-87.676	1.19163	37.0017	-2.70655	-21.3418	0.178689	
10.5377	-87.6525	1.23485	37.0652	-2.70696	-21.3195	0.179161	
10.5486	-87.6175	1.27922	37.1296	-2.70623	-21.2972	0.179649	
10.559	-87.592	1.32297	37.1919	-2.70591	-21.2748	0.18013	
10.5691	-87.5659	1.36635	37.2548	-2.70579	-21.2523	0.180605	
10.5796	-87.5457	1.41004	37.3151	-2.70523	-21.2297	0.181087	
10.5897	-87.5208	1.45343	37.3766	-2.70487	-21.2073	0.181563	
10.5998	-87.4954	1.49671	37.4379	-2.70444	-21.1847	0.182039	
10.6098	-87.4731	1.53991	37.4983	-2.70396	-21.1621	0.182514	
10.6198	-87.4502	1.58299	37.5586	-2.70345	-21.1394	0.182988	
10.6296	-87.4371	1.62591	37.6165	-2.70297	-21.1166	0.183461	
10.6395	-87.4242	1.66887	37.6741	-2.70235	-21.0938	0.183934	
10.6491	-87.3994	1.7115	37.734	-2.70183	-21.071	0.184404	
10.6587	-87.3825	1.75416	37.7919	-2.70118	-21.0482	0.184875	
10.6685	-87.3671	1.79693	37.8491	-2.70035	-21.0253	0.185348	
10.6777	-87.3524	1.83906	37.9062	-2.69988	-21.0023	0.185812	
10.6873	-87.3381	1.88162	37.9626	-2.69896	-20.9793	0.18628	
10.6963	-87.3263	1.92362	38.0184	-2.69838	-20.9562	0.186747	
10.7003	-87.3122	1.96065	38.078	-2.70197	-20.933	0.187145	
10.7278	-87.3208	2.02058	38.1147	-2.6847	-20.9099	0.18788	
10.7218	-87.2892	2.04775	38.1861	-2.69775	-20.8868	0.188108	
10.7314	-87.2808	2.09016	38.2395	-2.69629	-20.8636	0.18858	
10.7405	-87.273	2.1321	38.2928	-2.69508	-20.8402	0.189046	
10.7496	-87.2661	2.17398	38.3457	-2.69385	-20.8169	0.189512	
10.7633	-87.2574	2.22059	38.3948	-2.68764	-20.7935	0.19006	
10.7714	-87.249	2.26117	38.4485	-2.68742	-20.7697	0.190506	
10.7779	-87.2502	2.30049	38.5005	-2.68839	-20.7468	0.190928	
10.7786	-87.2486	2.33425	38.5574	-2.69483	-20.7233	0.19126	
10.7895	-87.2442	2.37783	38.6067	-2.69114	-20.6997	0.19176	
10.8008	-87.242	2.42185	38.6547	-2.68692	-20.6762	0.192268	
10.8083	-87.2394	2.46206	38.7056	-2.68633	-20.6525	0.192712	
10.8178	-87.239	2.50426	38.7543	-2.68395	-20.6288	0.193186	
10.8261	-87.2372	2.54529	38.8037	-2.68239	-20.605	0.193644	
10.8304	-87.2367	2.58241	38.8551	-2.68384	-20.5812	0.194052	
10.8388	-87.2393	2.62344	38.9029	-2.68209	-20.5574	0.194509	
10.8449	-87.2424	2.66233	38.9517	-2.68192	-20.5336	0.194938	
10.8562	-87.2461	2.70622	38.9969	-2.67764	-20.5097	0.195437	
10.871	-87.2488	2.75347	39.0399	-2.67056	-20.4857	0.195985	
10.8694	-87.2572	2.78484	39.0914	-2.67607	-20.4617	0.196308	
10.8768	-87.2624	2.82503	39.1377	-2.67449	-20.4377	0.196757	
10.8921	-87.2676	2.87282	39.1786	-2.66636	-20.4137	0.19733	
10.8801	-87.2795	2.89405	39.2347	-2.67987	-20.3896	0.197505	
10.8989	-87.2822	2.9453	39.2742	-2.6693	-20.3654	0.198099	
10.9055	-87.2912	2.98458	39.3189	-2.66786	-20.3412	0.19854	
10.9154	-87.2616	3.02713	39.3687	-2.66244	-20.3176	0.199052	
10.9177	-87.3208	3.06222	39.4058	-2.66585	-20.2926	0.199403	
10.9242	-87.3316	3.10146	39.4493	-2.66415	-20.2683	0.199842	
10.9306	-87.3414	3.14064	39.4926	-2.66237	-20.244	0.200286	
10.9369	-87.3496	3.17972	39.5362	-2.66058	-20.2197	0.200722	
10.943	-87.362	3.21867	39.5786	-2.65883	-20.1952	0.201162	
10.949	-87.3753	3.25743	39.6207	-2.65716	-20.1708	0.201596	
10.9549	-87.3898	3.2962	39.6621	-2.65536	-20.1463	0.202034	
10.9606	-87.4039	3.33469	39.7036	-2.65368	-20.1217	0.202462	
10.9662	-87.4202	3.37313	39.7443	-2.65195	-20.0971	0.202895	
10.9716	-87.4367	3.41149	39.7847	-2.65018	-20.0725	0.203325	
10.977	-87.4541	3.44973	39.8247	-2.64842	-20.0478	0.203755	
10.9822	-87.4721	3.48787	39.8643	-2.64662	-20.0231	0.204185	
10.9873	-87.4908	3.5259	39.9036	-2.64481	-19.9983	0.204609	
10.9923	-87.5102	3.56383	39.9425	-2.64299	-19.9736	0.205036	
10.9972	-87.5304	3.6017	39.981	-2.64111	-19.9487	0.205461	
11.0019	-87.5516	3.6394	40.0189	-2.63927	-19.9238	0.205886	
11.0065	-87.5727	3.67702	40.0569	-2.6374	-19.8989	0.206307	
11.011	-87.5949	3.71453	40.0942	-2.63551	-19.874	0.20673	
11.0154	-87.6181	3.75198	40.1311	-2.63358	-19.849	0.207151	
11.0196	-87.641	3.78928	40.1679	-2.63166	-19.8239	0.20757	
11.0237	-87.6656	3.82651	40.2041	-2.62971	-19.7989	0.207989	
11.0276	-87.6944	3.86361	40.2392	-2.62782	-19.7737	0.208406	
11.0314	-87.7149	3.90056	40.2758	-2.62581	-19.7487	0.208815	
11.0352	-87.7412	3.93755	40.3108	-2.62378	-19.7234	0.20924	
11.0388	-87.7678	3.97445	40.3456	-2.62169	-19.6982	0.209655	
11.0423	-87.7959	4.01117	40.3799	-2.61967	-19.6729	0.210066	
11.0455	-87.8244	4.04773	40.4138	-2.61768	-19.6476	0.21048	
11.0488	-87.8524	4.08433	40.4479	-2.61559	-19.6223	0.210891	
11.0518	-87.8808	4.12068	40.4817	-2.61359	-19.597	0.211302	
11.0548	-87.9124	4.15715	40.5138	-2.61134	-19.5715	0.211711	
11.0581	-87.9378	4.19382	40.5474	-2.60883	-19.5461	0.212124	
11.0602	-87.9752	4.22945	40.5787	-2.60719	-19.5205	0.212529	
11.0627	-88.0065	4.26548	40.6108	-2.60507	-19.495	0.21293	
11.0651	-88.0416	4.3015	40.6415	-2.60287	-19.4693	0.213332	
11.0674	-88.0704	4.33732	40.674	-2.60071	-19.4439	0.213741	
11.0695	-88.1034	4.37309	40.705	-2.59851	-19.4183	0.214143	
11.0716	-88.1402	4.40883	40.7345	-2.59624	-19.3924	0.214548	
11.0735	-88.175	4.44442	40.7648	-2.59403	-19.3668	0.214949	
11.0752	-88.2072	4.47982	40.7958	-2.59188	-19.3412	0.215344	
11.0768	-88.2422	4.51527	40.8254	-2.58959	-19.3154	0.215736	
11.0782	-88.2802	4.5505	40.8543	-2.58737	-19.2896	0.216143	
11.0795	-88.3172	4.58571	40.8832	-2.58509	-19.2637	0.216539	
11.0807	-88.3549	4.62085	40.9116	-2.58277	-19.2378	0.216933	
11.0817	-88.3919	4.65582	40.94	-2.5805	-19.2119	0.217329	
11.0827	-88.4313	4.69076	40.9677	-2.57818	-19.1859	0.217721	
11.0837	-88.4875	4.7258	40.9919	-2.5761	-19.1597	0.218107	
11.084	-88.5063	4.76029	41.0231	-2.57347	-19.1339	0.218505	
11.0846	-88.5474	4.79499	41.0499	-2.5711	-19.1079	0.218895	
11.0848	-88.5908	4.82949	41.0753	-2.56879	-19.0816	0.219283	
11.0852	-88.6317	4.86402	41.1023	-2.5664	-19.0556	0.219672	
11.0852	-88.6731	4.89834	41.1283	-2.56406	-19.0295	0.220058	
11.0851	-88.7162	4.93264	41.1536	-2.56167	-19.0033	0.220444	
11.0849	-88.7593	4.96683	41.1788	-2.55926	-18.977	0.220828	
11.0846	-88.8031	5.00094	41.2036	-2.55684	-18.9508	0.221212	
11.0842	-88.8473	5.03497	41.2282	-2.55441	-18.9245	0.221594	
11.0832	-88.8886	5.06862	41.2532	-2.55213	-18.8982	0.221972	
11.0818	-88.92	5.10181	41.2804	-2.54999	-18.8721	0.222342	
11.0822	-88.987	5.13679	41.2989	-2.54687	-18.8452	0.22274	
11.081	-89.0321	5.17026	41.3225	-2.54454	-18.8189	0.223115	
11.0798	-89.0777	5.20379	41.3457	-2.54208	-18.7925	0.223491	
11.0784	-89.1239	5.23722	41.3685	-2.53959	-18.766	0.223867	
11.0769	-89.1715	5.2706	41.3909	-2.53712	-18.7394	0.224241	
11.0752	-89.2164	5.30384	41.4136	-2.53457	-18.713	0.224617	
11.0733	-89.2662	5.33699	41.4346	-2.53213	-18.6864	0.224984	
11.0716	-89.3137	5.37023	41.4569	-2.52947	-18.6597	0.22536	
11.0696	-89.3661	5.40323	41.4773	-2.52704	-18.633	0.225727	
11.0673	-89.4155	5.43613	41.4983	-2.52453	-18.6063	0.226096	
11.0649	-89.4569	5.46888	41.5205	-2.52187	-18.5799	0.226466	
11.0625	-89.5186	5.50171	41.5386	-2.51952	-18.5529	0.226831	
10.9769	-90.2936	1.86569	41.6085	-2.66649	-18.5251	0.224962	
10.4035	-92.8255	-1.52503	41.1089	-2.93576	-18.5027	0.223739	
9.48873	-91.4326	-4.54788	41.3078	-3.18638	-18.5708	0.223963	
8.55159	-92.2105	-6.9791	40.9611	-3.45473	-18.6142	0.224308	
7.65958	-92.8869	-8.88024	40.5899	-3.69122	-18.6629	0.224577	
6.8702	-93.3961	-10.3341	40.2413	-3.88853	-18.7161	0.225986	
6.20384	-93.8517	-11.4323	39.908	-4.05035	-18.7647	0.226904	
5.65909	-94.2404	-12.2553	39.6035	-4.17939	-18.8083	0.227769	
5.22282	-94.5682	-12.8694	39.3312	-4.28109	-18.8463	0.228614	
4.87951	-94.8525	-13.3256	39.0873	-4.35992	-18.8783	0.229399	
4.61279	-95.0992	-13.6633	38.8691	-4.42003	-18.9045	0.230117	
4.40778	-95.3152	-13.912	38.6728	-4.46502	-18.9253	0.230776	
4.25196	-95.5167	-14.094	38.4924	-4.498	-18.941	0.231383	
4.13443	-95.6958	-14.2264	38.327	-4.52124	-18.9525	0.231952	
4.04674	-95.8594	-14.3215	38.1727	-4.53673	-18.9603	0.232491	
3.98195	-96.0119	-14.3889	38.0275	-4.5462	-18.9647	0.233002	
3.93492	-96.1604	-14.4354	37.8877	-4.55091	-18.9665	0.233497	
3.9489	-98.5539	-14.4254	37.2767	-4.58718	-18.9236	0.232701	
3.86465	-95.8049	-14.4976	37.7567	-4.53989	-18.9741	0.23438	
3.85391	-96.1468	-14.5041	37.5829	-4.53863	-18.9665	0.235282	
3.84647	-96.3663	-14.5066	37.4374	-4.53375	-18.9588	0.235627	
3.84271	-96.5609	-14.5048	37.2993	-4.52722	-18.9504	0.236023	
3.84232	-96.7422	-14.4995	37.1651	-4.51922	-18.9412	0.236438	
3.84374	-96.8961	-14.492	37.038	-4.51001	-18.9316	0.236903	
3.84813	-97.0606	-14.4819	36.9072	-4.49977	-18.9211	0.237295	
3.85319	-97.2036	-14.4709	36.7824	-4.48887	-18.9104	0.237742	
3.8593	-97.3394	-14.4589	36.6595	-4.4774	-18.8992	0.238194	
3.86628	-97.4695	-14.4461	36.5382	-4.46545	-18.8876	0.238643	
3.87398	-97.5922	-14.4327	36.4183	-4.45296	-18.8756	0.239061	
3.8825	-97.7259	-14.4186	36.2965	-4.44041	-18.8632	0.239565	
3.89119	-97.842	-14.4044	36.1785	-4.42732	-18.8507	0.240014	
3.90046	-97.9625	-14.3899	36.0597	-4.41406	-18.8378	0.240467	
3.91016	-98.0832	-14.3751	35.9411	-4.4006	-18.8245	0.240921	
3.92009	-98.198	-14.3603	35.8239	-4.38685	-18.8111	0.241375	
3.93025	-98.3138	-14.3453	35.7068	-4.37302	-18.7973	0.241823	
3.94111	-98.4305	-14.33	35.5895	-4.35887	-18.7834	0.242276	
3.95204	-98.5455	-14.3148	35.473	-4.34462	-18.7691	0.242725	
3.9633	-98.6613	-14.2995	35.3566	-4.33023	-18.7546	0.243172	
3.97329	-98.7224	-14.2854	35.2536	-4.31496	-18.741	0.244006	
3.98696	-98.8889	-14.2684	35.1255	-4.30069	-18.7249	0.243995	
3.99902	-99.0108	-14.2529	35.0086	-4.28619	-18.7095	0.244433	
4.01141	-99.1214	-14.2374	34.8947	-4.2711	-18.6941	0.244898	
4.02402	-99.2303	-14.2218	34.7819	-4.25589	-18.6785	0.245351	
4.03712	-99.3414	-14.2061	34.6684	-4.24047	-18.6625	0.245799	
4.06455	-99.9833	-14.1778	34.4325	-4.23252	-18.6366	0.246855	
4.06063	-99.4275	-14.1778	34.4749	-4.20733	-18.6323	0.246524	
4.07034	-99.398	-14.1655	34.3984	-4.19018	-18.618	0.246381	
4.09179	-99.7437	-14.1435	34.2287	-4.17684	-18.5968	0.247628	
4.10666	-99.8607	-14.1273	34.1168	-4.16087	-18.5794	0.248028	
4.12184	-99.9757	-14.1111	34.006	-4.14472	-18.5617	0.248432	
4.13737	-100.089	-14.0948	33.896	-4.12837	-18.5438	0.248837	
4.18725	-101.522	-14.047	33.4901	-4.13271	-18.4987	0.249589	
4.16089	-99.9768	-14.0701	33.7537	-4.08982	-18.5139	0.249529	
4.17964	-100.164	-14.0516	33.6285	-4.07428	-18.4935	0.25002	
4.19796	-100.327	-14.0337	33.5096	-4.05825	-18.4732	0.250446	
4.21637	-100.494	-14.016	33.3906	-4.04237	-18.4527	0.250906	
4.2351	-100.618	-13.9982	33.2823	-4.02493	-18.4326	0.251252	
4.25383	-100.749	-13.9807	33.1729	-4.00788	-18.412	0.251658	
4.27277	-100.873	-13.9632	33.066	-3.99055	-18.3914	0.252057	
4.29195	-100.991	-13.9457	32.9613	-3.97301	-18.3705	0.252393	
4.31145	-101.103	-13.9282	32.8586	-3.95516	-18.3493	0.252876	
4.33135	-101.214	-13.9105	32.7572	-3.93717	-18.3279	0.253232	
4.35217	-101.34	-13.8922	32.6526	-3.91921	-18.3057	0.253672	
4.37204	-101.42	-13.875	32.56	-3.90057	-18.2842	0.253974	
4.38784	-101.33	-13.8616	32.5101	-3.8788	-18.2654	0.255249	
4.41575	-101.673	-13.8376	32.3549	-3.86416	-18.2382	0.254502	
4.43733	-101.759	-13.8195	32.2634	-3.84502	-18.2153	0.254943	
4.45903	-101.843	-13.8013	32.1736	-3.8258	-18.1922	0.255383	
4.48158	-101.937	-13.7827	32.0821	-3.8066	-18.1684	0.255739	
4.50448	-102.025	-13.7638	31.9929	-3.78711	-18.1444	0.256119	
4.5278	-102.113	-13.7448	31.9048	-3.76754	-18.12	0.256492	
4.55155	-102.2	-13.7255	31.8179	-3.74779	-18.0952	0.256852	
4.5758	-102.287	-13.7059	31.7318	-3.72793	-18.07	0.257204	
4.60046	-102.374	-13.686	31.647	-3.70792	-18.0444	0.257549	
4.62476	-102.434	-13.6666	31.5699	-3.68749	-18.0189	0.257818	
4.6513	-102.55	-13.6452	31.4795	-3.66754	-17.9918	0.258242	
4.67723	-102.632	-13.6245	31.3988	-3.64709	-17.9651	0.258567	
4.70357	-102.713	-13.6035	31.3196	-3.62648	-17.9379	0.258887	
4.73041	-102.794	-13.5821	31.2413	-3.60575	-17.9103	0.259205	
4.75761	-102.874	-13.5604	31.1645	-3.58488	-17.8823	0.259519	
4.78523	-102.951	-13.5384	31.0894	-3.56384	-17.8539	0.25983	
4.81331	-103.029	-13.516	31.0153	-3.54269	-17.8251	0.260136	
4.84069	-103.077	-13.4942	30.9499	-3.52117	-17.7964	0.260366	
4.87121	-103.187	-13.4695	30.8695	-3.49986	-17.766	0.260845	
4.90014	-103.258	-13.4462	30.8006	-3.47847	-17.736	0.261024	
4.92982	-103.329	-13.4223	30.7327	-3.45675	-17.7056	0.261318	
4.95996	-103.401	-13.3978	30.6656	-3.43493	-17.6746	0.261604	
4.99048	-103.471	-13.3729	30.6002	-3.41297	-17.6433	0.261891	
5.02136	-103.539	-13.3475	30.5366	-3.39087	-17.6116	0.26217	
5.05264	-103.606	-13.3217	30.4743	-3.36866	-17.5795	0.262444	
5.08429	-103.671	-13.2954	30.4134	-3.3463	-17.547	0.262715	
5.11579	-103.729	-13.2691	30.3561	-3.32401	-17.5141	0.26293	
5.14891	-103.802	-13.2411	30.2957	-3.30128	-17.4805	0.263256	
5.18163	-103.862	-13.2132	30.2396	-3.27859	-17.4467	0.263511	
5.21478	-103.924	-13.1848	30.1845	-3.25583	-17.4125	0.263761	
5.24817	-103.981	-13.1559	30.1318	-3.23289	-17.3778	0.26401	
5.28211	-104.043	-13.1262	30.079	-3.20994	-17.3427	0.264254	
5.31607	-104.094	-13.0963	30.0302	-3.18676	-17.3073	0.264496	
5.35052	-104.149	-13.0656	29.9817	-3.16355	-17.2715	0.264733	
5.38539	-104.206	-13.0341	29.9338	-3.14028	-17.2351	0.264969	
5.4206	-104.262	-13.002	29.8873	-3.11692	-17.1984	0.265198	
5.45599	-104.313	-12.9694	29.8433	-3.09343	-17.1613	0.265424	
5.49157	-104.36	-12.9362	29.8015	-3.06982	-17.1238	0.265648	
5.52755	-104.41	-12.9023	29.7601	-3.04622	-17.086	0.265866	
5.56377	-104.455	-12.8677	29.7212	-3.02241	-17.0476	0.266106	
5.59866	-104.446	-12.8339	29.6974	-2.9976	-17.0099	0.266839	
5.63754	-104.563	-12.7959	29.6423	-2.97507	-16.9695	0.266362	
5.67438	-104.602	-12.7593	29.6086	-2.95105	-16.9302	0.266624	
5.70964	-104.593	-12.7239	29.5868	-2.9265	-16.8922	0.267366	
5.74954	-104.697	-12.6832	29.5404	-2.90313	-16.8496	0.266929	
5.78708	-104.734	-12.6444	29.5109	-2.87898	-16.8091	0.267181	
5.82476	-104.767	-12.605	29.4831	-2.85478	-16.7683	0.267412	
5.86268	-104.803	-12.5646	29.4559	-2.83064	-16.727	0.267625	
5.90249	-104.882	-12.522	29.4184	-2.80689	-16.6846	0.26786	
5.93907	-104.863	-12.4818	29.4083	-2.78195	-16.6435	0.26802	
5.97635	-104.864	-12.4402	29.394	-2.75732	-16.6017	0.268326	
6.01672	-104.944	-12.3951	29.3597	-2.73367	-16.5581	0.268359	
6.05552	-104.975	-12.3509	29.3396	-2.70937	-16.515	0.268549	
6.09448	-105.006	-12.3058	29.3207	-2.68509	-16.4716	0.268725	
6.13404	-105.049	-12.2594	29.2996	-2.66094	-16.4276	0.268922	
6.17285	-105.069	-12.213	29.286	-2.63656	-16.3837	0.269117	
6.21068	-105.058	-12.1668	29.2818	-2.61182	-16.3399	0.269281	
6.25141	-105.122	-12.1172	29.2584	-2.58802	-16.2947	0.269372	
6.29067	-105.149	-12.0682	29.246	-2.56391	-16.2495	0.269448	
6.32971	-105.153	-12.0188	29.2414	-2.53926	-16.2046	0.269517	
6.36965	-105.203	-11.9675	29.2249	-2.51559	-16.1586	0.26991	
6.4091	-105.225	-11.916	29.2172	-2.49146	-16.1127	0.270044	
6.44857	-105.247	-11.8637	29.2107	-2.46739	-16.0666	0.270178	
6.48801	-105.268	-11.8107	29.2055	-2.44338	-16.0202	0.270314	
6.52763	-105.293	-11.7567	29.2001	-2.41948	-15.9734	0.270448	
6.56687	-105.309	-11.7023	29.1984	-2.39556	-15.9265	0.270584	
6.6061	-105.323	-11.6471	29.1982	-2.37169	-15.8794	0.270716	
6.64558	-105.348	-11.5908	29.1958	-2.34808	-15.8318	0.270851	
6.68311	-105.379	-11.5343	29.1946	-2.32616	-15.7818	0.269684	
6.72446	-105.382	-11.4762	29.1985	-2.30052	-15.7368	0.271437	
6.7634	-105.4	-11.4179	29.2013	-2.2772	-15.6886	0.27146	
6.80222	-105.416	-11.359	29.2057	-2.25395	-15.6401	0.271513	
6.84104	-105.434	-11.2992	29.2104	-2.23083	-15.5915	0.27159	
6.87971	-105.45	-11.2389	29.2168	-2.20777	-15.5427	0.271678	
6.91817	-105.464	-11.1779	29.2246	-2.18483	-15.4937	0.271773	
6.9566	-105.48	-11.1162	29.2327	-2.16203	-15.4446	0.271876	
6.99474	-105.493	-11.0539	29.2426	-2.13934	-15.3953	0.27198	
7.03279	-105.508	-10.991	29.253	-2.1168	-15.3459	0.272088	
7.07062	-105.521	-10.9275	29.2646	-2.09439	-15.2962	0.272196	
7.10815	-105.533	-10.8635	29.2777	-2.07212	-15.2465	0.272303	
7.14556	-105.546	-10.799	29.2913	-2.05002	-15.1966	0.272408	
7.18269	-105.558	-10.7339	29.306	-2.02807	-15.1466	0.272512	
7.21957	-105.569	-10.6683	29.3218	-2.00628	-15.0964	0.272619	
7.25624	-105.581	-10.6022	29.3382	-1.98467	-15.0462	0.272721	
7.29265	-105.593	-10.5357	29.3554	-1.96325	-14.9958	0.272821	
7.32875	-105.605	-10.4688	29.3738	-1.94199	-14.9453	0.272921	
7.3646	-105.617	-10.4014	29.3927	-1.92092	-14.8947	0.273018	
7.40008	-105.627	-10.3337	29.413	-1.90003	-14.8441	0.273114	
7.43525	-105.637	-10.2657	29.434	-1.87934	-14.7934	0.273211	
7.47016	-105.648	-10.1973	29.4557	-1.85881	-14.7426	0.273303	
7.50463	-105.657	-10.1287	29.4787	-1.83849	-14.6917	0.273398	
7.5387	-105.664	-10.0599	29.503	-1.81833	-14.6409	0.273523	
7.57276	-105.68	-9.99053	29.5256	-1.79851	-14.5898	0.273568	
7.60615	-105.688	-9.92125	29.5512	-1.77879	-14.5388	0.27366	
7.6392	-105.697	-9.85176	29.5773	-1.75928	-14.4879	0.273749	
7.6721	-105.711	-9.78191	29.6027	-1.74004	-14.4368	0.273836	
7.70447	-105.722	-9.71207	29.6296	-1.72099	-14.3857	0.273922	
7.73638	-105.731	-9.64218	29.6577	-1.70213	-14.3346	0.274004	
7.76794	-105.741	-9.57216	29.6863	-1.68348	-14.2835	0.274087	
7.79899	-105.75	-9.50221	29.7158	-1.66509	-14.2325	0.274169	
7.83088	-105.776	-9.43164	29.7408	-1.64682	-14.1818	0.274344	
7.8604	-105.788	-9.36133	29.7724	-1.62941	-14.1299	0.27419	
7.88993	-105.785	-9.29195	29.806	-1.61143	-14.0791	0.274043	
7.9192	-105.787	-9.22223	29.84	-1.59354	-14.0283	0.27458	
7.94824	-105.798	-9.15233	29.872	-1.57628	-13.9773	0.274623	
7.97689	-105.811	-9.08247	29.9044	-1.55924	-13.9263	0.274675	
8.00504	-105.824	-9.01277	29.9374	-1.54245	-13.8755	0.274733	
8.03282	-105.837	-8.94321	29.9706	-1.52585	-13.8246	0.274794	
8.05812	-105.796	-8.87546	30.0199	-1.50875	-13.7746	0.274785	
8.08741	-105.878	-8.80425	30.0351	-1.49355	-13.7228	0.274942	
8.11302	-105.884	-8.73601	30.0726	-1.47785	-13.6716	0.274802	
8.16957	-105.969	-8.66275	30.0545	-1.43174	-7.40117	0.27522	
0.841967	-106.078	-8.61931	30.013	-1.3752	-3.18139	0.27493	
-5.43353	-106.102	-8.38814	30.3308	-1.41477	-0.322136	0.2782	
-10.7518	-106.095	-8.0285	30.8511	-1.50928	1.62339	0.283289	
-15.1987	-106.082	-7.59032	31.4707	-1.63119	2.95149	0.289089	
-18.6716	-106.15	-3.5812	32.0113	-1.65072	3.9666	0.297772	
-21.9365	-106.04	-1.06831	32.8868	-1.82883	4.4256	0.301239	
-24.4635	-105.839	0.646765	33.8037	-1.92191	4.83668	0.306223	
-26.5101	-105.642	1.78896	34.6763	-2.01144	5.12919	0.310277	
-28.1467	-105.507	2.55719	35.4397	-2.09479	5.30932	0.313971	
-29.4519	-105.364	3.07398	36.1056	-2.1707	5.41082	0.317153	
-30.4775	-105.321	3.42993	36.6516	-2.2346	5.51099	0.319844	
-31.2887	-105.317	3.67499	37.103	-2.29101	5.57391	0.321903	
-31.9268	-105.354	3.84761	37.4712	-2.33872	5.61937	0.323683	
-32.4283	-105.41	3.97198	37.7697	-2.37903	5.6227	0.325227	
-32.8223	-105.518	4.06533	38.0144	-2.41162	5.66673	0.32623	
-33.1323	-105.627	4.13795	38.2153	-2.4385	5.67062	0.327235	
-33.3677	-105.791	4.2078	38.3717	-2.45685	5.67377	0.328166	
-33.5705	-105.89	4.24687	38.5221	-2.47754	5.68238	0.328715	
-33.7223	-106.048	4.2938	38.64	-2.49038	5.69474	0.329314	
-33.8419	-106.197	4.33886	38.7411	-2.49985	5.6781	0.329896	
-33.9377	-106.377	4.38139	38.8265	-2.50721	5.68495	0.330507	
-34.0157	-106.514	4.42229	38.9106	-2.51241	5.6628	0.330757	
-34.0773	-106.699	4.46408	38.9828	-2.51478	5.68903	0.331257	
-34.128	-106.863	4.50541	39.0478	-2.51685	5.67023	0.331583	
-34.1701	-107.032	4.54657	39.1116	-2.51724	5.67567	0.331892	
-34.2048	-107.202	4.58823	39.1705	-2.51679	5.67206	0.332226	
-34.2342	-107.372	4.63011	39.2267	-2.51557	5.6685	0.332534	
-34.2595	-107.548	4.67185	39.2806	-2.51385	5.67416	0.332764	
-34.2813	-107.705	4.71472	39.334	-2.51145	5.65501	0.333087	
-34.3	-107.88	4.75712	39.3846	-2.50855	5.65865	0.333328	
-34.3172	-108.046	4.79983	39.4349	-2.50548	5.65184	0.333665	
-34.3329	-108.215	4.84246	39.4845	-2.50218	5.64999	0.333873	
-34.3466	-108.386	4.88556	39.5326	-2.49827	5.65136	0.334129	
-34.3598	-108.552	4.92818	39.579	-2.49481	5.63991	0.334375	
-34.3727	-108.721	4.97055	39.628	-2.4908	5.64883	0.334619	
-34.3835	-108.889	5.01461	39.6735	-2.48657	5.63916	0.334831	
-34.3948	-109.053	5.05757	39.7203	-2.48235	5.63698	0.335079	
-34.4049	-109.226	5.10049	39.7646	-2.47793	5.64128	0.335329	
-34.416	-109.381	5.14331	39.8115	-2.47394	5.62308	0.335554	
-34.4261	-109.547	5.18626	39.8566	-2.46953	5.62208	0.335773	
-34.435	-109.716	5.22951	39.8992	-2.46503	5.61629	0.335986	
-34.4456	-109.872	5.27201	39.9465	-2.46066	5.61381	0.336172	
-34.4546	-110.032	5.31451	39.9903	-2.45603	5.60763	0.336403	
-34.4633	-110.204	5.35751	40.0323	-2.45137	5.60976	0.33659	
-34.4721	-110.372	5.40035	40.0755	-2.44667	5.61406	0.336789	
-34.4808	-110.532	5.44304	40.1178	-2.44212	5.60251	0.33701	
-34.4893	-110.703	5.48557	40.1594	-2.43745	5.60758	0.337188	
-34.4981	-110.854	5.52777	40.2031	-2.43277	5.5957	0.337371	
-34.5066	-111.015	5.57042	40.2464	-2.42818	5.59865	0.337573	
-34.5142	-111.181	5.6129	40.286	-2.42312	5.594	0.33775	
-34.5224	-111.343	5.6552	40.3279	-2.41831	5.59556	0.33795	
-34.5307	-111.501	5.69734	40.3684	-2.41369	5.58604	0.338111	
-34.5378	-111.664	5.73972	40.4088	-2.40859	5.58832	0.338288	
-34.5458	-111.821	5.7817	40.4486	-2.40405	5.57723	0.338447	
-34.5534	-111.976	5.82365	40.49	-2.39892	5.57587	0.338624	
-34.5609	-112.14	5.86567	40.5283	-2.39423	5.57251	0.338783	
-34.5692	-112.285	5.90686	40.5712	-2.38914	5.56812	0.338929	
-34.5758	-112.463	5.94909	40.6072	-2.38442	5.57977	0.339081	
-34.7388	-110.806	5.88398	41.1293	-2.36594	5.54813	0.339505	
-34.553	-113.211	6.05638	40.5664	-2.37847	5.56925	0.339283	
-34.567	-113.279	6.0945	40.6314	-2.3717	5.57185	0.339489	
-34.5802	-113.359	6.13137	40.6883	-2.366	5.56487	0.339637	
-34.5928	-113.45	6.16879	40.7436	-2.36064	5.562	0.339783	
-34.6034	-113.56	6.20751	40.791	-2.3555	5.54759	0.339923	
-34.6135	-113.679	6.24643	40.8388	-2.35018	5.5505	0.34006	
-34.6228	-113.805	6.28569	40.8838	-2.34505	5.55051	0.340186	
-34.6312	-113.938	6.32541	40.9257	-2.33996	5.54632	0.340311	
-34.639	-114.073	6.36541	40.9663	-2.33463	5.54041	0.34044	
-34.6462	-114.219	6.40552	41.005	-2.32947	5.54468	0.340567	
-34.6535	-114.361	6.44558	41.0441	-2.32433	5.54369	0.340676	
-34.66	-114.504	6.48595	41.0797	-2.31928	5.52919	0.340785	
-34.6667	-114.65	6.52605	41.1167	-2.31407	5.52919	0.340893	
-34.6729	-114.803	6.56634	41.1523	-2.30882	5.5332	0.341002	
-34.6792	-114.948	6.60647	41.1878	-2.30377	5.52497	0.341104	
-34.6855	-115.1	6.64651	41.2236	-2.2985	5.53356	0.341206	
-34.6913	-115.249	6.68666	41.2568	-2.29346	5.52256	0.341303	
-34.699	-115.387	6.72602	41.296	-2.28824	5.5259	0.3414	
-34.7024	-115.549	6.7666	41.3233	-2.28305	5.51841	0.341486	
-34.7081	-115.697	6.80639	41.3567	-2.27788	5.51575	0.341577	
-34.7139	-115.846	6.84606	41.3908	-2.27253	5.51593	0.341667	
-34.7195	-115.994	6.88564	41.4238	-2.26732	5.51498	0.34175	
-34.7253	-116.135	6.92496	41.4581	-2.26196	5.51445	0.341828	
-34.7302	-116.293	6.96471	41.4866	-2.25714	5.51058	0.341901	
-34.7357	-116.431	7.00373	41.5202	-2.2516	5.50338	0.341982	
-34.7408	-116.589	7.04335	41.5491	-2.24691	5.50208	0.342042	
-34.746	-116.737	7.08255	41.5801	-2.2417	5.49954	0.342113	
-34.7518	-116.879	7.12103	41.613	-2.23643	5.50016	0.34218	
-34.7562	-117.032	7.16057	41.6418	-2.23122	5.49763	0.342244	
-34.7617	-117.171	7.19898	41.675	-2.22565	5.50118	0.34231	
-34.7618	-117.335	7.23978	41.6964	-2.2197	5.48934	0.342376	
-34.7732	-117.463	7.27593	41.7359	-2.21575	5.50003	0.342416	
-34.7764	-117.619	7.31544	41.7604	-2.21041	5.48833	0.342476	
-34.7837	-117.729	7.35231	41.8004	-2.20485	5.48683	0.342525	
-34.787	-117.887	7.39129	41.8245	-2.19923	5.4879	0.342584	
-34.7916	-118.034	7.4297	41.8523	-2.19411	5.48406	0.342628	
-34.7968	-118.197	7.46811	41.8776	-2.19016	5.48422	0.342649	
-34.8001	-118.349	7.50658	41.9023	-2.18453	5.48413	0.3427	
-34.8059	-118.479	7.54382	41.9343	-2.17923	5.48235	0.342736	
-34.8111	-118.617	7.58137	41.9638	-2.17407	5.48089	0.34277	
-34.8156	-118.759	7.6191	41.9912	-2.16867	5.47806	0.342809	
-34.8203	-118.899	7.65668	42.0185	-2.16345	5.47292	0.342841	
-34.8268	-119.046	7.69338	42.045	-2.15916	5.47305	0.34286	
-34.8288	-119.171	7.73172	42.0745	-2.15231	5.46732	0.342906	
-34.8342	-119.324	7.76871	42.0986	-2.14784	5.46822	0.342924	
-34.8392	-119.462	7.80565	42.1267	-2.14258	5.4687	0.342947	
-34.8441	-119.597	7.84213	42.1544	-2.13713	5.47018	0.342971	
-34.8477	-119.768	7.88073	42.172	-2.13313	5.46581	0.342973	
-34.8538	-119.871	7.91552	42.2071	-2.12682	5.46473	0.343005	
-34.8586	-120.006	7.95238	42.2336	-2.12152	5.45931	0.343021	
-34.8628	-120.157	7.98929	42.2554	-2.11682	5.4588	0.343026	
-34.8677	-120.295	8.02561	42.2813	-2.11164	5.46053	0.343036	
-34.8739	-120.412	8.06106	42.3133	-2.10609	5.45985	0.343048	
-34.8769	-120.575	8.09818	42.3297	-2.10146	5.4595	0.343049	
-34.8816	-120.71	8.13424	42.3536	-2.09642	5.44973	0.343053	
-34.8868	-120.846	8.17001	42.3798	-2.09121	5.45565	0.343055	
-34.8918	-120.981	8.20578	42.4041	-2.08619	5.45142	0.343054	
-34.8969	-121.129	8.24188	42.4252	-2.0818	5.45055	0.343043	
-34.9019	-121.239	8.27627	42.4556	-2.07559	5.44907	0.343053	
-34.9064	-121.384	8.31248	42.4761	-2.07082	5.44714	0.343043	
-34.9122	-121.504	8.34657	42.5038	-2.06534	5.44885	0.343041	
-34.9164	-121.657	8.38318	42.5229	-2.06084	5.44744	0.343024	
-34.9216	-121.787	8.41801	42.5466	-2.05571	5.44457	0.343015	
-34.9266	-121.922	8.45312	42.5693	-2.05075	5.44543	0.343	
-34.9329	-122.024	8.48658	42.5999	-2.04435	5.44251	0.343008	
-34.9368	-122.194	8.52283	42.613	-2.04112	5.44159	0.342963	
-34.942	-122.316	8.55711	42.6377	-2.03556	5.43902	0.342953	
-34.9475	-122.457	8.59181	42.6582	-2.03116	5.43906	0.342925	
-34.9528	-122.584	8.62607	42.68	-2.02613	5.43084	0.342906	
-34.9595	-122.7	8.65966	42.708	-2.02085	5.43454	0.342886	
-34.9647	-122.837	8.69396	42.7288	-2.01599	5.43977	0.342859	
-34.9696	-122.973	8.72821	42.7479	-2.01124	5.43462	0.342831	
-34.9742	-123.112	8.76261	42.7664	-2.00629	5.43645	0.342804	
-34.98	-123.239	8.79622	42.7874	-2.00154	5.42727	0.342774	
-34.9861	-123.367	8.8297	42.81	-1.99668	5.43152	0.342742	
-34.9921	-123.495	8.8631	42.8321	-1.99179	5.43364	0.342709	
-34.995	-123.65	8.89906	42.8464	-1.98713	5.43047	0.342672	
-35.0044	-123.743	8.9291	42.8746	-1.98209	5.42693	0.342641	
-35.0103	-123.872	8.96244	42.8951	-1.9773	5.42726	0.342608	
-35.0146	-124.021	8.99698	42.9097	-1.97253	5.42761	0.342568	
-35.0216	-124.135	9.0291	42.9336	-1.96768	5.42656	0.342528	
-35.028	-124.259	9.06174	42.9544	-1.96292	5.42425	0.342484	
-35.0347	-124.39	9.09432	42.9735	-1.95859	5.4246	0.34244	
-35.042	-124.498	9.12609	42.9982	-1.95367	5.42376	0.342391	
-35.0479	-124.631	9.15907	43.0155	-1.94915	5.41867	0.342345	
-35.0565	-124.747	9.19041	43.0387	-1.94465	5.42276	0.342298	
-35.061	-124.881	9.22352	43.055	-1.93967	5.42225	0.342252	
-35.0672	-125.012	9.25607	43.0722	-1.93514	5.41898	0.342202	
-35.0746	-125.132	9.28775	43.0923	-1.93057	5.41761	0.342152	
-35.0813	-125.256	9.31948	43.1119	-1.92588	5.41858	0.342101	
-35.0883	-125.38	9.35127	43.1304	-1.92133	5.41622	0.342046	
-35.0956	-125.504	9.3829	43.1492	-1.91686	5.41672	0.342001	
-35.1029	-125.627	9.4144	43.1682	-1.91232	5.4171	0.341933	
-35.11	-125.751	9.44583	43.1856	-1.90789	5.41498	0.341879	
-35.1175	-125.874	9.4771	43.2039	-1.90343	5.41444	0.341821	
-35.1259	-125.992	9.50821	43.2241	-1.89907	5.4145	0.341759	
-35.1323	-126.117	9.53927	43.2399	-1.89442	5.41316	0.341702	
-35.1412	-126.238	9.57004	43.2592	-1.8904	5.41364	0.341622	
-35.1487	-126.359	9.60092	43.277	-1.88596	5.41077	0.34158	
-35.1568	-126.48	9.63155	43.2948	-1.88157	5.41038	0.341525	
-35.1651	-126.6	9.6622	43.3129	-1.8773	5.41126	0.341447	
-35.1736	-126.72	9.6926	43.3306	-1.87303	5.41043	0.34138	
-35.182	-126.838	9.72298	43.3485	-1.86867	5.41021	0.341317	
-35.1896	-126.962	9.75326	43.3639	-1.86434	5.40964	0.341248	
-35.1994	-127.077	9.78312	43.3831	-1.8604	5.4088	0.341176	
-35.2081	-127.196	9.81313	43.4005	-1.85614	5.40927	0.341108	
-35.217	-127.324	9.84317	43.415	-1.85262	5.40633	0.341031	
-35.2264	-127.43	9.8726	43.435	-1.84791	5.40685	0.340966	
-35.235	-127.549	9.90239	43.4514	-1.84361	5.40523	0.340897	
-35.2444	-127.666	9.9319	43.4686	-1.83937	5.40691	0.340827	
-35.2538	-127.784	9.9613	43.4848	-1.83559	5.40453	0.340746	
-35.2639	-127.902	9.99052	43.501	-1.83194	5.40387	0.340662	
-35.2728	-128.017	10.0198	43.5184	-1.8273	5.40527	0.340597	
-35.2829	-128.132	10.0488	43.5351	-1.8233	5.40441	0.340508	
-35.2933	-128.249	10.0777	43.5515	-1.81972	5.40394	0.340441	
-35.2909	-128.38	10.1107	43.558	-1.81198	5.40248	0.340387	
-35.317	-128.474	10.1341	43.5875	-1.81273	5.40636	0.340275	
-35.3256	-128.594	10.1634	43.5998	-1.80873	5.39556	0.340196	
-35.3369	-128.706	10.1918	43.6184	-1.80477	5.40441	0.340112	
-35.3469	-128.821	10.2204	43.6335	-1.80082	5.40165	0.34003	
-35.3577	-128.93	10.2485	43.6504	-1.79673	5.40192	0.339953	
-35.3682	-129.05	10.2771	43.6648	-1.79315	5.40078	0.339866	
-35.3954	-129.15	10.3018	43.6912	-1.79426	5.40207	0.33975	
-35.3865	-129.278	10.334	43.6942	-1.7843	5.40066	0.339739	
-35.3993	-129.388	10.3615	43.7112	-1.78098	5.40023	0.339612	
-35.4103	-129.504	10.3895	43.7255	-1.77738	5.39887	0.339527	
-35.4234	-129.614	10.4168	43.7425	-1.77409	5.4007	0.339429	
-35.4357	-129.727	10.4444	43.7575	-1.77072	5.39864	0.339352	
-35.4482	-129.836	10.4717	43.7738	-1.7672	5.39836	0.339259	
-35.4606	-129.948	10.499	43.7892	-1.76373	5.39933	0.339185	
-35.4734	-130.057	10.5261	43.8053	-1.76026	5.39907	0.339087	
-35.4858	-130.17	10.5534	43.8198	-1.75688	5.39846	0.338995	
-35.4995	-130.276	10.5799	43.8364	-1.7536	5.39849	0.338896	
-35.5185	-130.372	10.6052	43.8575	-1.7515	5.39822	0.338812	
-35.5237	-130.498	10.6342	43.8651	-1.74636	5.39651	0.338715	
-35.5375	-130.608	10.6608	43.8806	-1.74327	5.39751	0.338623	
-35.5507	-130.722	10.6876	43.8946	-1.74007	5.39846	0.338549	
-35.565	-130.815	10.7133	43.9131	-1.73629	5.39543	0.33844	
-35.5801	-130.932	10.7399	43.9269	-1.73392	5.3969	0.338346	
-35.5928	-131.04	10.7664	43.9413	-1.7303	5.39662	0.338267	
-35.6068	-131.148	10.7926	43.9561	-1.72708	5.39619	0.33819	
-35.621	-131.256	10.8187	43.9707	-1.72395	5.39512	0.338058	
-35.6365	-131.359	10.8443	43.9876	-1.72088	5.39951	0.337962	
-35.6507	-131.468	10.8704	44.0011	-1.71784	5.39468	0.337897	
-35.6653	-131.576	10.8961	44.0151	-1.71483	5.39395	0.337747	
-35.6807	-131.679	10.9217	44.0314	-1.71172	5.39617	0.337669	
-35.6953	-131.788	10.9475	44.0447	-1.70877	5.39422	0.337624	
-35.7111	-131.891	10.9728	44.0604	-1.70581	5.39529	0.337478	
-35.7268	-131.993	10.998	44.0761	-1.70278	5.39583	0.337365	
-35.7448	-132.108	11.0235	44.0895	-1.70118	5.395	0.337265	
-35.7576	-132.204	11.0486	44.1048	-1.69682	5.39518	0.33718	
-35.7735	-132.311	11.0739	44.1185	-1.69408	5.3944	0.337117	
-35.7898	-132.42	11.0992	44.132	-1.69163	5.39485	0.336882	
-35.8066	-132.515	11.1235	44.149	-1.68845	5.39477	0.336888	
-35.8228	-132.621	11.1486	44.1627	-1.68576	5.39453	0.33673	
-35.8389	-132.73	11.1735	44.1753	-1.68317	5.39267	0.336649	
-35.857	-132.829	11.1978	44.1916	-1.68064	5.39486	0.336586	
-35.874	-132.929	11.2222	44.2066	-1.67778	5.39417	0.336543	
-35.8909	-133.036	11.247	44.2195	-1.67538	5.39272	0.336362	
-35.9088	-133.133	11.271	44.2356	-1.67262	5.39396	0.336254	
-35.9265	-133.237	11.2954	44.2496	-1.67022	5.39391	0.336075	
-35.9441	-133.338	11.3195	44.2641	-1.66755	5.39417	0.336099	
-35.9617	-133.44	11.3437	44.2782	-1.66502	5.39424	0.335918	
-35.9798	-133.545	11.368	44.2915	-1.66278	5.39387	0.335786	
-36.0138	-133.61	11.3939	44.3234	-2.40177	5.39869	0.335702	
-36.0134	-133.629	11.406	44.3744	-2.96708	5.40042	0.333931	
-35.9925	-133.624	11.411	44.4312	-3.39968	5.40037	0.331504	
-35.8457	-133.524	11.4155	44.4547	-3.68836	5.39763	0.329638	
-35.9755	-133.603	11.4116	44.5579	-4.00184	5.39992	0.326404	
-35.9102	-133.594	11.4193	44.5909	-4.18668	5.39895	0.323711	
-35.925	-133.579	11.4166	44.6549	-4.35148	5.39897	0.321877	
-35.7628	-133.694	11.4442	44.6032	-4.42902	5.39569	0.321639	
-35.812	-133.635	11.4412	44.686	-4.5381	5.39416	0.318987	
-35.7913	-133.667	11.4528	44.7125	-4.60663	5.39823	0.317898	
-35.7754	-133.709	11.4662	44.7346	-4.66011	5.39644	0.316978	
-35.7652	-133.759	11.4809	44.7556	-4.70207	5.39678	0.316215	
-35.7598	-133.817	11.497	44.7746	-4.73542	5.39684	0.315581	
-35.7587	-133.877	11.5138	44.7934	-4.76182	5.39542	0.315058	
-35.7528	-133.992	11.5345	44.7939	-4.78325	5.39445	0.315406	
-35.7561	-133.981	11.5496	44.8324	-4.7948	5.39594	0.314208	
-35.7817	-134.09	11.5685	44.848	-4.81683	5.39848	0.313783	
-35.8594	-134.122	11.5789	44.9064	-4.84748	5.4012	0.313655	
-35.7814	-134.297	11.6151	44.8598	-4.83379	5.39677	0.31272	
-35.7607	-134.488	11.6409	44.8296	-4.83918	5.39594	0.311722	
-35.8387	-134.379	11.6453	44.9213	-4.85459	5.39924	0.313587	
-35.856	-134.473	11.6663	44.9346	-4.86214	5.40012	0.313278	
-35.9003	-134.556	11.6846	44.9627	-4.87682	5.40167	0.312667	
-35.8887	-134.66	11.7086	44.9601	-4.87371	5.40133	0.312931	
-35.9105	-134.751	11.7292	44.9759	-4.88006	5.40286	0.312736	
-35.8621	-134.897	11.7598	44.9457	-4.86683	5.39981	0.312413	
-35.9742	-134.918	11.7679	45.0188	-4.89686	5.4046	0.312476	
-35.9438	-135.044	11.7955	45.002	-4.88708	5.40335	0.312328	
-36.0273	-135.096	11.8083	45.0534	-4.90921	5.40619	0.312222	
-36.0071	-135.216	11.8344	45.0417	-4.90191	5.40627	0.312498	
-36.0554	-135.292	11.8517	45.0718	-4.91411	5.40756	0.311598	
-36.0895	-135.375	11.8701	45.0935	-4.92201	5.40784	0.310897	
-36.0988	-135.471	11.8938	45.1007	-4.92147	5.40816	0.311685	
-36.1572	-135.534	11.9115	45.1394	-4.93542	5.41078	0.310772	
-36.1224	-135.672	11.9379	45.114	-4.92374	5.4088	0.312997	
-36.2067	-135.716	11.9502	45.1675	-4.94468	5.40986	0.311688	
-36.1709	-135.849	11.9773	45.1442	-4.93301	5.40622	0.31156	
-36.1968	-135.937	11.9971	45.1603	-4.93793	5.40746	0.310685	
-36.3002	-135.97	12.0091	45.2253	-4.96279	5.41359	0.311552	
-36.3179	-136.064	12.0302	45.2357	-4.96506	5.41392	0.311394	
-36.3664	-136.137	12.0483	45.2652	-4.97546	5.414	0.311682	
-36.3182	-136.283	12.0742	45.2309	-4.96108	5.4102	0.310887	
-36.3869	-136.333	12.0913	45.2778	-4.976	5.41579	0.311021	
-36.4107	-136.422	12.1113	45.2915	-4.97985	5.41587	0.310938	
-36.4549	-136.495	12.1299	45.3194	-4.98857	5.41764	0.311265	
-36.4447	-136.61	12.1525	45.3107	-4.98384	5.41692	0.31042	
-36.5181	-136.659	12.168	45.3576	-4.99953	5.4198	0.309519	
-36.5131	-136.776	12.1902	45.3499	-4.99703	5.41694	0.310907	
-36.534	-136.867	12.2104	45.3616	-4.99978	5.41631	0.310745	
-36.5637	-136.951	12.2297	45.3789	-5.00484	5.41707	0.310604	
-36.5937	-137.035	12.2489	45.3963	-5.00989	5.41847	0.310485	
-36.5935	-137.139	12.2708	45.3946	-5.0066	5.416	0.311284	
-36.6418	-137.214	12.2885	45.4218	-5.0171	5.41788	0.310071	
-36.7022	-137.274	12.3044	45.459	-5.0297	5.42052	0.310035	
-36.7293	-137.36	12.3237	45.4742	-5.03369	5.42204	0.310001	
-36.7337	-137.462	12.3453	45.4744	-5.03182	5.41971	0.309976	
-36.7707	-137.541	12.3636	45.4956	-5.0384	5.42124	0.309922	
-36.8032	-137.618	12.3804	45.5144	-5.04355	5.42241	0.310438	
-36.8508	-137.693	12.3997	45.5421	-5.05311	5.42346	0.309511	
-36.864	-137.792	12.4204	45.546	-5.05341	5.42096	0.309657	
-36.8981	-137.872	12.4386	45.5653	-5.05906	5.42295	0.309609	
-36.9241	-137.959	12.4571	45.5786	-5.06263	5.42344	0.309901	
-36.9597	-138.036	12.4758	45.5989	-5.06874	5.42358	0.30898	
-36.9864	-138.122	12.4951	45.6125	-5.07216	5.42226	0.309482	
-37.0262	-138.199	12.5128	45.6345	-5.07915	5.42336	0.309401	
-37.044	-138.29	12.5326	45.643	-5.08032	5.42365	0.309333	
-37.0812	-138.366	12.5504	45.6638	-5.08642	5.42542	0.309256	
-37.1249	-138.447	12.5682	45.6865	-5.09467	5.42677	0.309168	
-37.1308	-138.57	12.5903	45.6809	-5.09397	5.42213	0.309683	
-37.1763	-138.604	12.605	45.7152	-5.10021	5.42419	0.308903	
-37.2138	-138.684	12.623	45.7346	-5.10643	5.42536	0.308878	
-37.2379	-138.772	12.6421	45.7461	-5.10907	5.4256	0.308846	
-37.2754	-138.851	12.6599	45.7656	-5.11517	5.42531	0.308796	
-37.3133	-138.9	12.6756	45.7918	-5.11969	5.42654	0.309058	
-37.3642	-138.678	12.6759	45.8905	-5.11216	5.43251	0.308207	
-37.3636	-139.184	12.72	45.7897	-5.13154	5.42516	0.308678	
-37.4021	-139.246	12.7368	45.8137	-5.13675	5.42568	0.3086	
-37.432	-139.313	12.7542	45.832	-5.1397	5.42513	0.308522	
-37.4729	-139.374	12.7707	45.857	-5.14547	5.42574	0.308456	
-37.5056	-139.444	12.7881	45.8758	-5.14941	5.42655	0.308386	
-37.5452	-139.512	12.8051	45.8984	-5.15507	5.42821	0.30832	
-37.5733	-139.591	12.8231	45.9125	-5.15814	5.42591	0.308259	
-37.6102	-139.653	12.8395	45.9348	-5.16248	5.42702	0.30876	
-37.6421	-139.734	12.8578	45.9504	-5.16682	5.42757	0.307869	
-37.6766	-139.82	12.8759	45.9661	-5.17202	5.42855	0.308006	
-37.7122	-139.895	12.8933	45.9844	-5.17687	5.42805	0.307963	
-37.7474	-139.969	12.9106	46.0027	-5.18148	5.42821	0.307919	
-37.783	-140.045	12.9281	46.0207	-5.18626	5.4278	0.307868	
-37.8179	-140.123	12.9456	46.0375	-5.19103	5.42618	0.307814	
-37.8527	-140.199	12.963	46.0551	-5.19548	5.42701	0.307755	
-37.8888	-140.276	12.9804	46.0732	-5.2004	5.42851	0.307702	
-37.9235	-140.352	12.9978	46.0904	-5.20484	5.42802	0.307646	
-37.9717	-140.5	9.28431	46.1016	-5.23961	5.42379	0.307033	
-38.0021	-140.791	6.35638	45.9143	-5.25383	5.42724	0.309106	
-38.0125	-141.29	4.06053	45.6006	-5.25935	5.42947	0.313424	
-38.0244	-141.748	2.25212	45.2804	-5.25457	5.43436	0.316987	
-38.0417	-142.201	0.832663	44.9732	-5.24598	5.43871	0.322007	
-38.0408	-142.843	-0.262633	44.6358	-5.24214	5.43833	0.324822	
-38.0805	-143.011	-1.15089	44.4516	-5.22276	5.44508	0.329659	
-38.1074	-143.378	-1.82906	44.2418	-5.21354	5.44579	0.331507	
-38.1371	-143.71	-2.35727	44.0674	-5.20448	5.45078	0.334664	
-38.167	-144.025	-2.76577	43.9173	-5.19751	5.44875	0.337026	
-38.1962	-144.277	-3.08386	43.8012	-5.18918	5.4502	0.339271	
-38.2364	-144.511	-3.32785	43.7092	-5.18584	5.44813	0.340496	
-38.2789	-144.719	-3.51445	43.6369	-5.18396	5.44487	0.341992	
-38.3226	-144.9	-3.65612	43.5828	-5.18314	5.44292	0.342692	
-38.3598	-145.089	-3.76064	43.5322	-5.18279	5.44143	0.343814	
-38.4037	-145.257	-3.83737	43.4962	-5.18506	5.43838	0.344254	
-38.4496	-145.341	-3.89785	43.4871	-5.18456	5.43783	0.344533	
-38.4908	-145.498	-3.9347	43.462	-5.18827	5.42993	0.345169	
-38.5404	-145.555	-3.9648	43.4696	-5.18967	5.43413	0.344872	
-38.5852	-145.662	-3.98022	43.4652	-5.19338	5.43123	0.34541	
-38.631	-145.765	-3.98693	43.4647	-5.19801	5.42996	0.345623	
-38.6778	-145.853	-3.98797	43.4697	-5.20258	5.42746	0.346251	
-38.725	-145.934	-3.98413	43.4772	-5.2077	5.42417	0.346596	
-38.7686	-146.015	-3.97586	43.4854	-5.21233	5.42319	0.34609	
-38.8152	-146.095	-3.96425	43.4955	-5.21805	5.41893	0.345979	
-38.8601	-146.167	-3.9508	43.5078	-5.223	5.41752	0.346277	
-38.9085	-146.238	-3.93527	43.5224	-5.22915	5.41513	0.346235	
-38.9521	-146.312	-3.91755	43.535	-5.23446	5.4137	0.345728	
-38.9858	-146.547	-3.88589	43.5043	-5.24616	5.4084	0.346064	
-39.039	-146.569	-3.8702	43.5341	-5.25151	5.40737	0.34549	
-39.0842	-146.606	-3.85296	43.5564	-5.25546	5.40326	0.34593	
-39.136	-146.64	-3.83528	43.5831	-5.26088	5.40468	0.346759	
-39.1834	-146.685	-3.81583	43.605	-5.26632	5.40162	0.346082	
-39.2307	-146.732	-3.79587	43.6269	-5.27181	5.40045	0.345469	
-39.2795	-146.781	-3.77599	43.6489	-5.27742	5.39945	0.34634	
-39.3258	-146.836	-3.75491	43.6681	-5.28328	5.39484	0.34564	
-39.3733	-146.887	-3.73435	43.6897	-5.28874	5.39581	0.346132	
-39.4191	-146.943	-3.71303	43.7095	-5.29436	5.39446	0.345467	
-39.4831	-146.841	-3.70455	43.7739	-5.29613	5.39228	0.345722	
-39.5224	-146.937	-3.68018	43.7816	-5.30184	5.39391	0.346036	
-39.5736	-147.021	-3.65628	43.7974	-5.31039	5.39356	0.345414	
-39.6161	-147.108	-3.63289	43.8072	-5.31662	5.38546	0.346154	
-39.6501	-147.195	-3.60917	43.8143	-5.32083	5.38013	0.345234	
-39.7091	-147.255	-3.58742	43.8384	-5.32999	5.37691	0.345572	
-39.7545	-147.328	-3.56473	43.8551	-5.33615	5.37729	0.344843	
-39.7973	-147.372	-3.54517	43.8764	-5.33968	5.37605	0.346251	
-39.8511	-147.433	-3.52318	43.8993	-5.34747	5.37752	0.34552	
-39.8926	-147.531	-3.4983	43.9069	-5.35426	5.3725	0.344564	
-39.9365	-147.595	-3.47703	43.9238	-5.35924	5.36929	0.345606	
-39.9771	-147.68	-3.45361	43.9345	-5.36495	5.36404	0.344867	
-40.035	-147.71	-3.43466	43.9665	-5.37181	5.36502	0.345199	
-40.0795	-147.686	-3.41983	44.0052	-5.37253	5.36323	0.344479	
-40.1221	-147.854	-3.39078	43.9969	-5.38263	5.35921	0.345848	
-40.1847	-147.896	-3.3703	44.0282	-5.3915	5.36117	0.345105	
-40.2295	-147.946	-3.35023	44.0488	-5.39599	5.35776	0.345733	
-40.2711	-147.999	-3.32978	44.0684	-5.40002	5.35414	0.344984	
-40.3237	-148.069	-3.30726	44.0877	-5.40797	5.35057	0.344235	
-40.3714	-148.127	-3.2865	44.1081	-5.41364	5.34717	0.344492	
-40.4158	-148.183	-3.26597	44.1287	-5.41818	5.34877	0.344388	
-40.4605	-148.252	-3.24467	44.1459	-5.42336	5.3489	0.345157	
-40.5075	-148.289	-3.22556	44.1716	-5.42782	5.34611	0.344406	
-40.5607	-148.346	-3.20444	44.1945	-5.43506	5.34309	0.343831	
