1.52781	1.82447	-0.891232	-5.5633	-1.61997	3.46057	-7.17868	
1.53442	1.82	-0.886475	-5.53693	-1.60595	3.44582	-7.1415	
1.53995	1.8136	-0.880459	-5.49761	-1.60257	3.41968	-7.10423	
1.54314	1.80637	-0.87375	-5.46497	-1.59272	3.39953	-7.06645	
1.5464	1.79943	-0.867203	-5.43231	-1.58282	3.37922	-7.02873	
1.55072	1.79275	-0.860725	-5.40001	-1.57148	3.35907	-6.99102	
1.55384	1.78572	-0.853992	-5.3677	-1.5613	3.33881	-6.9526	
1.55688	1.77879	-0.847246	-5.33537	-1.55107	3.31845	-6.91441	
1.56012	1.77245	-0.840775	-5.30354	-1.54088	3.29834	-6.87614	
1.56397	1.76551	-0.833789	-5.27157	-1.5305	3.27805	-6.83777	
1.56387	1.75933	-0.827661	-5.23987	-1.51991	3.2579	-6.79931	
1.56932	1.75191	-0.820112	-5.20809	-1.50974	3.23751	-6.76091	
1.57086	1.74536	-0.813216	-5.17648	-1.50044	3.21734	-6.72236	
3.17977	2.21026	3.19874	-9.30759	-22.4929	4.55915	-389.254	
19.0249	1.04885	21.6303	-17.6657	-128.86	-4.36778	-318.779	
12.9203	1.95959	14.1177	-15.9751	-89.3007	1.36554	-209.05	
8.99893	2.43395	9.06905	-14.3532	-62.3536	4.23202	-138.78	
6.46497	2.64436	5.66902	-12.8719	-43.8644	5.49307	-93.0845	
4.81714	2.70193	3.37589	-11.5612	-31.0905	5.87562	-62.9574	
3.73382	2.65598	1.82295	-10.4135	-22.2011	5.80042	-42.8949	
3.0204	2.57933	0.781975	-9.4247	-15.9791	5.50882	-29.4094	
2.54549	2.4655	0.0833738	-8.57745	-11.5947	5.1388	-20.3051	
2.22628	2.35372	-0.380701	-7.85448	-8.48543	4.75103	-14.1175	
2.00948	2.24409	-0.686029	-7.23887	-6.26524	4.38473	-9.89587	
1.86021	2.13939	-0.883447	-6.71406	-4.66773	4.05304	-7.00155	
1.75604	2.04448	-1.00958	-6.2686	-3.50599	3.76385	-5.01039	
1.68283	1.95921	-1.08315	-5.88815	-2.66009	3.51318	-3.6315	
1.63111	1.88378	-1.1258	-5.5628	-2.03422	3.29803	-2.67143	
1.59165	1.81691	-1.14485	-5.28494	-1.56726	3.11496	-1.99765	
1.56321	1.75891	-1.15316	-5.04608	-1.21567	2.95892	-1.52141	
1.54233	1.70415	-1.15045	-4.84105	-0.95332	2.82578	-1.17802	
1.52586	1.66482	-1.14078	-4.66286	-0.739574	2.71079	-0.936493	
1.51223	1.62622	-1.12795	-4.50841	-0.579312	2.61232	-0.756264	
1.50372	1.59249	-1.11235	-4.37479	-0.452654	2.52712	-0.62243	
1.49587	1.56315	-1.0969	-4.25755	-0.351475	2.45304	-0.521294	
1.49003	1.53747	-1.08086	-4.15465	-0.269732	2.38829	-0.443574	
1.48472	1.51515	-1.06423	-4.06393	-0.203084	2.33134	-0.382864	
1.48039	1.49568	-1.04783	-3.98354	-0.148147	2.28033	-0.334588	
1.47702	1.47858	-1.03179	-3.91195	-0.102188	2.23534	-0.295283	
1.47432	1.46327	-1.01612	-3.84782	-0.0622297	2.19557	-0.262561	
1.47213	1.44945	-1.00081	-3.79004	-0.0271438	2.15847	-0.234407	
1.47034	1.43838	-0.986167	-3.73775	-0.00295761	2.12407	-0.212235	
-1.34221	49.2416	-120.837	-176.063	75.6413	544.562	-32.5119	
0.0786671	48.6196	-106.467	-175.707	46.0253	498.834	-46.1816	
101.554	225.035	-275.595	-762.313	-267.786	1106.65	-441.259	
35.7807	130.682	-164.662	-458.346	-128.218	754.266	-229.066	
8.46751	76.9709	-98.7955	-281.159	-64.4454	510.085	-122.562	
-1.86473	46.0788	-60.1657	-176.202	-33.7494	347.074	-66.629	
11.4955	216.549	-210.691	-495.629	75.5876	629.258	-124.706	
-1.06763	161.671	-150.066	-356.563	73.7443	449.614	-74.9544	
-4.95839	122.58	-109.756	-262.507	63.8004	325.666	-47.7035	
-5.45977	93.5921	-81.5654	-195.448	52.798	236.912	-31.3354	
-4.72491	71.6473	-61.3064	-146.192	42.9791	171.986	-20.8152	
-3.64772	54.8529	-46.4603	-109.385	34.892	123.89	-13.7132	
-2.58656	41.9246	-35.4496	-81.5944	28.4844	87.9821	-8.74655	
-1.66878	31.9373	-27.2197	-60.4756	23.5132	61.0396	-5.183	
-0.921856	24.2084	-21.0318	-44.3591	19.7044	40.754	-2.58104	
-0.334072	18.2176	-16.368	-32.0191	16.8053	25.4429	-0.657804	
0.119198	13.5707	-12.8403	-22.5555	14.6083	13.866	0.774705	
0.464908	9.96317	-10.1677	-15.282	12.9449	5.09856	1.84999	
0.726391	7.16059	-8.14087	-9.68542	11.6871	-1.54784	2.65853	
0.924945	4.98119	-6.60374	-5.37245	10.7333	-6.59114	3.26766	
1.07064	3.28856	-5.43694	-2.04819	10.0121	-10.4205	3.72508	
1.17999	1.96947	-4.55409	0.520318	9.46445	-13.3298	4.07315	
1.26406	0.942319	-3.88266	2.50626	9.04418	-15.5411	4.33409	
1.3265	0.14076	-3.37659	4.04359	8.72418	-17.2217	4.52893	
1.37233	-0.484901	-2.99526	5.23566	8.47834	-18.4989	4.67447	
1.40626	-0.974349	-2.70937	6.16159	8.28954	-19.4693	4.78348	
1.43112	-1.35757	-2.49617	6.88241	8.14065	-20.2059	4.86091	
1.44914	-1.65848	-2.3387	7.44473	8.02545	-20.7631	4.91809	
1.46205	-1.89611	-2.22369	7.88517	7.93437	-21.1851	4.95872	
1.47125	-2.08385	-2.14031	8.23108	7.86168	-21.5028	4.98737	
1.47623	-2.23212	-2.0837	8.50242	7.80387	-21.7404	5.00445	
1.48006	-2.35205	-2.04452	8.72119	7.75475	-21.9185	5.0151	
1.48103	-2.44789	-2.0204	8.89447	7.71447	-22.0491	5.0202	
1.48146	-2.5252	-2.00617	9.0341	7.68016	-22.144	5.02104	
1.4802	-2.58933	-2.00049	9.14769	7.65018	-22.2113	5.01792	
1.47788	-2.64204	-2.0009	9.24112	7.62335	-22.2575	5.01294	
1.47054	-2.68688	-2.00535	9.31919	7.60307	-22.2875	4.99546	
1.47259	-2.72379	-2.01408	9.38501	7.57443	-22.3049	4.99987	
1.46793	-2.75649	-2.02444	9.44177	7.55284	-22.3127	4.99334	
1.46268	-2.78507	-2.03532	9.49121	7.53173	-22.3128	4.97603	
1.45704	-2.81062	-2.04785	9.53549	7.51044	-22.3069	4.96588	
1.45125	-2.83405	-2.0599	9.57434	7.4882	-22.2966	4.95464	
1.44502	-2.85509	-2.0737	9.6114	7.46876	-22.2827	4.94046	
1.43861	-2.87504	-2.08613	9.64454	7.44659	-22.2661	4.92822	
1.43222	-2.89398	-2.09785	9.67554	7.42379	-22.247	4.91586	
1.42457	-2.91223	-2.10918	9.70677	7.40052	-22.2262	4.90192	
1.4182	-2.92928	-2.11953	9.73451	7.37629	-22.2041	4.88946	
1.40952	-2.94624	-2.12872	9.76271	7.35123	-22.1807	4.87717	
1.40167	-2.96304	-2.13687	9.79026	7.32499	-22.1565	4.86363	
1.3882	-2.97408	-2.14944	9.81623	7.29829	-22.1286	4.86541	
1.38676	-2.99603	-2.14892	9.84304	7.26979	-22.106	4.83252	
1.37852	-3.01395	-2.15233	9.86977	7.24056	-22.0798	4.81854	
1.3683	-3.02809	-2.15505	9.8961	7.21011	-22.0531	4.81022	
1.35814	-3.04258	-2.15696	9.92178	7.17844	-22.0258	4.7958	
1.34863	-3.05838	-2.15735	9.94741	7.14551	-21.998	4.78288	
1.33851	-3.07446	-2.15466	9.97301	7.11325	-21.9701	4.76994	
1.32834	-3.09091	-2.15061	9.99853	7.07514	-21.9417	4.75558	
1.31811	-3.10635	-2.14706	10.0242	7.0384	-21.9132	4.74478	
1.30745	-3.12237	-2.13908	10.0492	7.0004	-21.8839	4.73132	
1.29627	-3.13849	-2.12874	10.0753	6.96257	-21.8555	4.71638	
1.28548	-3.15361	-2.11911	10.101	6.91889	-21.8253	4.70555	
1.27366	-3.17049	-2.10539	10.1256	6.876	-21.7961	4.69133	
1.26203	-3.1865	-2.09092	10.1511	6.83198	-21.7672	4.67899	
1.25016	-3.20161	-2.07452	10.1776	6.78653	-21.7372	4.66667	
1.23789	-3.21882	-2.05592	10.2034	6.7393	-21.7067	4.6532	
1.22506	-3.23482	-2.03657	10.2287	6.69136	-21.6757	4.64022	
1.2133	-3.25091	-2.01288	10.2544	6.6395	-21.6457	4.62862	
-12.6759	0.219793	-40.7226	13.4425	117.96	-9.7381	37.5468	
-8.1667	-0.473773	-32.5147	12.2954	90.9833	-12.4177	28.0705	
-4.4994	-1.84537	-26.0901	11.4719	70.744	-14.4897	21.5841	
-3.46259	-1.3282	-20.7698	11.139	55.196	-16.1678	16.0873	
-2.00954	-1.73101	-16.8818	10.7765	43.574	-17.3676	12.4721	
-1.03077	-2.0564	-13.8534	10.5526	34.7781	-18.2952	9.85141	
-0.367379	-2.31891	-11.507	10.4213	28.1167	-19.0084	7.95194	
0.0867775	-2.5318	-9.69547	10.3518	23.0668	-19.5551	6.57563	
0.399844	-2.70419	-8.29964	10.3229	19.2346	-19.9716	5.57703	
0.616352	-2.84564	-7.22465	10.3206	16.3215	-20.2882	4.8533	
0.765683	-2.96075	-6.39593	10.3353	14.1036	-20.5263	4.32796	
0.868852	-3.05642	-5.75534	10.3604	12.4106	-20.704	3.94596	
0.938494	-3.13464	-5.25771	10.3918	11.114	-20.835	3.66848	
0.987353	-3.20363	-4.8687	10.4264	10.1166	-20.9301	3.44722	
1.01726	-3.25984	-4.56097	10.4631	9.34489	-20.9971	3.32333	
1.0352	-3.30764	-4.31468	10.5001	8.74325	-21.0425	3.21374	
1.0459	-3.35032	-4.11388	10.537	8.26962	-21.0721	3.1314	
1.04775	-3.38815	-3.9478	10.5731	7.8925	-21.0871	3.07125	
1.04394	-3.42216	-3.80624	10.6086	7.58733	-21.0927	3.02577	
1.03992	-3.45317	-3.68273	10.6434	7.33593	-21.0914	2.99217	
1.03221	-3.48174	-3.57152	10.6777	7.12431	-21.0858	2.96713	
1.02159	-3.50891	-3.46993	10.7102	6.94329	-21.07	2.94272	
1.00914	-3.53226	-3.37385	10.7428	6.78326	-21.0546	2.93076	
0.996367	-3.55784	-3.28137	10.7743	6.63912	-21.0354	2.9176	
0.982089	-3.58187	-3.19047	10.8054	6.506	-21.014	2.90752	
0.966656	-3.60482	-3.10002	10.8359	6.38052	-20.9907	2.89871	
0.950653	-3.62668	-3.00921	10.8659	6.26007	-20.9659	2.89094	
0.936217	-3.64724	-2.91712	10.8965	6.14166	-20.9398	2.87934	
0.918092	-3.66846	-2.82304	10.9239	6.02735	-20.9121	2.88096	
0.901028	-3.68912	-2.72681	10.9524	5.91196	-20.8842	2.87581	
0.883955	-3.71048	-2.62786	10.9805	5.79611	-20.8553	2.86999	
0.866533	-3.73077	-2.52606	11.008	5.67925	-20.8255	2.86636	
0.847565	-3.75084	-2.42104	11.035	5.56082	-20.7949	2.86128	
0.830643	-3.77073	-2.31273	11.0616	5.44026	-20.7639	2.85878	
0.814371	-3.79039	-2.20107	11.0877	5.31203	-20.7377	2.85743	
0.793952	-3.80984	-2.08576	11.1136	5.19258	-20.6994	2.85136	
0.774837	-3.82915	-1.9672	11.1381	5.06612	-20.665	2.84902	
0.755933	-3.84907	-1.84523	11.1625	4.93537	-20.6316	2.84699	
0.736961	-3.86774	-1.71961	11.1863	4.80183	-20.5975	2.84557	
0.717193	-3.88549	-1.59091	11.2094	4.66599	-20.5622	2.84514	
0.698625	-3.90402	-1.45774	11.2321	4.52634	-20.5272	2.84242	
0.679864	-3.9222	-1.32157	11.2539	4.38447	-20.4908	2.8411	
0.661012	-3.93851	-1.1818	11.275	4.23963	-20.4538	2.84137	
0.641922	-3.95814	-1.03866	11.2952	4.09235	-20.4161	2.83293	
0.622405	-3.97533	-0.891785	11.3148	3.94174	-20.377	2.84088	
0.604158	-3.9916	-0.741772	11.3336	3.78895	-20.3376	2.83963	
0.585089	-4.00907	-0.587914	11.3515	3.63276	-20.2974	2.83859	
0.571588	-4.03136	-0.430967	11.3686	3.46826	-20.2564	2.85591	
0.544922	-4.04017	-0.268823	11.3853	3.31317	-20.215	2.83416	
0.528997	-4.057	-0.107077	11.3999	3.1503	-20.1708	2.8361	
0.514516	-4.07578	0.0607256	11.4167	2.98242	-20.1345	2.83781	
0.487127	-4.08447	0.229512	11.4265	2.81484	-20.0828	2.83971	
0.469956	-4.09483	0.400875	11.439	2.63895	-20.0381	2.8408	
0.453118	-4.11305	0.575324	11.4498	2.46979	-19.9915	2.84239	
0.435647	-4.12784	0.753431	11.4593	2.29496	-19.9431	2.84551	
0.419327	-4.14296	0.934455	11.4681	2.11617	-19.895	2.86381	
0.3998	-4.15217	1.11846	11.476	1.93639	-19.846	2.84599	
0.382904	-4.16269	1.30413	11.4822	1.7544	-19.7956	2.85056	
0.36521	-4.17499	1.49214	11.4871	1.57095	-19.7441	2.85259	
0.348844	-4.18632	1.68256	11.4909	1.38514	-19.6917	2.8566	
0.332459	-4.19666	1.87513	11.4933	1.19962	-19.6373	2.86215	
0.316057	-4.20573	2.06991	11.4945	1.00891	-19.5827	2.86321	
0.299992	-4.21413	2.26644	11.4943	0.818975	-19.5268	2.86681	
0.284543	-4.22268	2.46452	11.4926	0.631134	-19.4717	2.86958	
0.268832	-4.22924	2.66447	11.4897	0.434637	-19.4135	2.8764	
0.251072	-4.23297	2.86563	11.4852	0.241258	-19.3546	2.89329	
0.24189	-4.24421	3.06738	11.4789	0.0475816	-19.2938	2.8813	
0.222795	-4.24586	3.27131	11.4709	-0.146597	-19.2327	2.90745	
0.214186	-4.25447	3.47653	11.4631	-0.343573	-19.1705	2.88651	
0.200212	-4.25758	3.68207	11.4521	-0.539601	-19.1058	2.89321	
0.186445	-4.26051	3.88992	11.4414	-0.737559	-19.0423	2.90116	
0.174537	-4.26281	4.09694	11.4278	-0.93407	-18.9764	2.90791	
0.163176	-4.26459	4.30585	11.4129	-1.13137	-18.9108	2.91302	
0.151232	-4.26492	4.51026	11.3963	-1.32807	-18.8393	2.9186	
0.145069	-4.26293	4.72058	11.3762	-1.51861	-18.7723	2.9298	
0.124487	-4.26691	4.928	11.3609	-1.72851	-18.7015	2.92739	
0.121784	-4.26273	5.13608	11.3376	-1.9181	-18.631	2.93569	
0.112375	-4.26057	5.3421	11.315	-2.11384	-18.557	2.94131	
0.103041	-4.25698	5.55037	11.2909	-2.30914	-18.4847	2.94875	
0.095305	-4.25311	5.75657	11.2651	-2.50353	-18.4101	2.95524	
0.0876605	-4.24822	5.95973	11.2376	-2.69604	-18.3321	2.96131	
0.0812103	-4.2427	6.16501	11.2089	-2.8887	-18.2562	2.96847	
0.0750928	-4.23633	6.36852	11.1786	-3.07973	-18.1785	2.97494	
0.069286	-4.22898	6.57035	11.1468	-3.2685	-18.0995	2.98094	
0.066211	-4.2212	6.77143	11.1129	-3.45774	-18.0202	2.98712	
0.0601137	-4.21212	6.97096	11.0788	-3.64434	-17.9396	2.99458	
0.0570892	-4.20344	7.16726	11.0409	-3.82758	-17.8569	3.00349	
0.0523195	-4.19101	7.36417	11.0051	-4.01236	-17.7756	3.00753	
0.051417	-4.1805	7.55847	10.9665	-4.19424	-17.6932	3.0143	
0.0515997	-4.17066	7.74704	10.9244	-4.37077	-17.6064	3.02298	
0.0476115	-4.15534	7.93877	10.8823	-4.54753	-17.5213	3.02858	
0.0476384	-4.14117	8.12441	10.8394	-4.72251	-17.436	3.03474	
0.0480589	-4.12682	8.3098	10.7954	-4.89547	-17.3504	3.04141	
0.0488406	-4.1111	8.49113	10.7489	-5.06434	-17.2626	3.04841	
0.0503455	-4.09543	8.66999	10.7014	-5.23093	-17.1741	3.05533	
0.0523498	-4.07774	8.84615	10.6528	-5.3949	-17.0851	3.06093	
0.0552185	-4.06119	9.01765	10.6029	-5.55483	-16.9955	3.06926	
0.0584062	-4.04145	9.19091	10.5519	-5.71578	-16.9065	3.07605	
0.062555	-4.02396	9.35657	10.4996	-5.86774	-16.8124	3.08431	
0.0668071	-4.00353	9.52039	10.4463	-6.02135	-16.7225	3.08931	
0.0719262	-3.9836	9.6808	10.3919	-6.17102	-16.6312	3.09538	
0.0782459	-3.96349	9.83809	10.3365	-6.31702	-16.539	3.10216	
0.0834821	-3.94091	9.992	10.28	-6.45944	-16.446	3.10857	
0.0907336	-3.91721	10.1434	10.2227	-6.59885	-16.3543	3.11496	
0.0992748	-3.89299	10.2877	10.1641	-6.7344	-16.2587	3.12093	
0.108546	-3.87064	10.4305	10.1045	-6.8666	-16.1649	3.12763	
0.108388	-3.85189	10.5699	10.0436	-6.99518	-16.0703	3.1385	
0.125301	-3.81964	10.705	9.98375	-7.12135	-15.9774	3.13834	
0.133682	-3.79424	10.8363	9.92152	-7.2428	-15.8806	3.14466	
0.143534	-3.76819	10.9637	9.85863	-7.36068	-15.7854	3.1508	
0.154444	-3.7415	11.0873	9.79508	-7.47499	-15.6901	3.156	
0.165215	-3.71431	11.207	9.73133	-7.58569	-15.5959	3.16359	
0.176206	-3.68926	11.3225	9.66591	-7.6985	-15.4989	3.16852	
0.188073	-3.65741	11.4348	9.60095	-7.7952	-15.4041	3.17224	
0.200245	-3.62935	11.5421	9.53452	-7.89463	-15.3076	3.17802	
0.213079	-3.6001	11.6457	9.46799	-7.99076	-15.212	3.18315	
0.226085	-3.56946	11.7454	9.40095	-8.08309	-15.118	3.18596	
0.23987	-3.54032	11.841	9.3334	-8.17161	-15.0224	3.19304	
0.254824	-3.51027	11.9329	9.26551	-8.25665	-14.9254	3.19942	
0.267809	-3.47886	12.0208	9.19725	-8.33761	-14.8279	3.20158	
0.280385	-3.4475	12.104	9.12843	-8.41494	-14.7338	3.20583	
0.297816	-3.41589	12.1841	9.05959	-8.48874	-14.6387	3.20976	
0.31259	-3.38386	12.2599	8.99032	-8.55877	-14.5422	3.21399	
0.328057	-3.35281	12.3322	8.92078	-8.62515	-14.4483	3.21792	
0.343981	-3.31914	12.4005	8.85112	-8.68799	-14.3555	3.22173	
0.359838	-3.28626	12.4648	8.78129	-8.74723	-14.2612	3.22479	
0.375148	-3.2527	12.525	8.71108	-8.80283	-14.1671	3.22906	
0.392578	-3.22361	12.582	8.64089	-8.85232	-14.0709	3.23161	
0.408977	-3.18684	12.6365	8.57118	-8.90813	-13.9848	3.23498	
0.423479	-3.14711	12.6865	8.50074	-8.95258	-13.8913	3.2318	
0.443804	-3.11845	12.7284	8.42963	-8.98892	-13.7935	3.24019	
0.459984	-3.08396	12.7714	8.35942	-9.02797	-13.7018	3.24209	
0.476706	-3.04974	12.8102	8.28895	-9.06357	-13.6103	3.24474	
0.494216	-3.01546	12.8472	8.21864	-9.0968	-13.5196	3.24583	
0.511506	-2.98004	12.8774	8.14886	-9.12443	-13.4291	3.24732	
0.528737	-2.94476	12.9041	8.0789	-9.15029	-13.3382	3.24793	
0.5465	-2.90701	12.9326	8.0091	-9.17357	-13.2498	3.2493	
0.564116	-2.87711	12.9538	7.93908	-9.19204	-13.1604	3.25248	
0.581806	-2.83644	12.9735	7.86986	-9.21224	-13.0748	3.257	
0.599268	-2.80856	12.9888	7.80008	-9.22329	-12.9843	3.25293	
0.616845	-2.77153	13.0022	7.73125	-9.23474	-12.8953	3.25385	
0.634484	-2.73795	13.0123	7.66244	-9.24318	-12.8111	3.25451	
0.652105	-2.70257	13.0199	7.59414	-9.24962	-12.7271	3.25497	
0.669648	-2.66694	13.0241	7.52573	-9.25185	-12.6392	3.25474	
0.687201	-2.63145	13.0259	7.45779	-9.25257	-12.5548	3.25523	
0.70468	-2.59482	13.0252	7.39041	-9.25344	-12.4713	3.25608	
0.722743	-2.56239	13.0214	7.32263	-9.24546	-12.3869	3.25375	
0.739065	-2.52634	13.0159	7.25601	-9.2397	-12.3044	3.25366	
0.75583	-2.49482	13.0077	7.18965	-9.23108	-12.2233	3.2483	
0.773493	-2.45672	12.9966	7.12281	-9.2183	-12.1404	3.25035	
0.790793	-2.42214	12.9838	7.05725	-9.20509	-12.0601	3.25276	
0.80753	-2.38688	12.9689	6.99187	-9.18959	-11.9801	3.25106	
0.824263	-2.35316	12.9515	6.92687	-9.17218	-11.9014	3.24893	
0.840783	-2.31829	12.9324	6.86237	-9.15352	-11.8228	3.24704	
0.857092	-2.28384	12.9112	6.79826	-9.13122	-11.7458	3.24485	
0.873317	-2.24972	12.8881	6.73461	-9.10805	-11.6678	3.2427	
0.889402	-2.21581	12.8636	6.67174	-9.08329	-11.5911	3.23953	
0.905263	-2.18146	12.837	6.60925	-9.05648	-11.516	3.23703	
0.921079	-2.14843	12.8079	6.54645	-9.02807	-11.4404	3.23598	
0.936392	-2.11111	12.778	6.48461	-9.00176	-11.3665	3.22906	
0.950509	-2.10295	12.7455	6.42213	-8.96242	-11.2967	3.24417	
0.966928	-2.0443	12.7156	6.364	-8.93526	-11.22	3.22463	
0.981831	-2.01236	12.6801	6.30304	-8.90021	-11.1478	3.22215	
0.996482	-1.97914	12.6438	6.2431	-8.86516	-11.0775	3.21884	
1.01087	-1.94694	12.6064	6.18363	-8.82749	-11.0075	3.21578	
1.02492	-1.91455	12.5679	6.12471	-8.78884	-10.9372	3.21133	
1.03884	-1.88339	12.5284	6.06643	-8.75002	-10.8684	3.20926	
1.05144	-1.82182	12.4868	6.00772	-8.71328	-10.8039	3.19243	
1.06645	-1.82641	12.4444	5.95036	-8.66599	-10.7308	3.20489	
1.07923	-1.79316	12.4032	5.89447	-8.62518	-10.6655	3.2042	
1.09204	-1.75967	12.3602	5.83877	-8.58221	-10.5999	3.19393	
1.10472	-1.7276	12.3159	5.78335	-8.53735	-10.5342	3.18893	
1.11718	-1.69517	12.2705	5.72836	-8.49247	-10.47	3.18413	
1.12941	-1.6652	12.2242	5.67381	-8.44722	-10.4069	3.17957	
1.14134	-1.63139	12.1773	5.6198	-8.40255	-10.3459	3.17452	
1.15304	-1.60131	12.1295	5.56617	-8.35436	-10.283	3.16957	
1.16446	-1.57222	12.0811	5.51312	-8.30566	-10.2208	3.16455	
1.17561	-1.54282	12.0322	5.46066	-8.25449	-10.1574	3.15933	
1.1865	-1.51256	11.9827	5.40873	-8.20592	-10.0986	3.15401	
1.19713	-1.48314	11.9327	5.3573	-8.15513	-10.0372	3.14993	
2.30826	-2.85524	149.512	2.24793	-190.947	-11.9564	11.8457	
9.58023	-1.87444	79.9858	2.41724	-114.149	-10.499	9.03394	
10.2524	-1.39489	44.7586	2.83429	-70.0438	-9.78011	7.17897	
8.64146	-1.17106	27.2504	3.27169	-44.5432	-9.43369	5.9415	
6.6503	-1.06415	18.5483	3.63764	-29.5168	-9.25473	5.10858	
4.94813	-1.00261	14.1769	3.9107	-20.4619	-9.15982	4.54361	
3.67762	-0.968254	11.9451	4.1001	-14.8838	-9.09472	4.15845	
2.79241	-0.942862	10.7828	4.22202	-11.3817	-9.04181	3.89417	
2.20362	-0.918384	10.1638	4.29817	-9.14346	-8.99844	3.71159	
1.82065	-0.895815	9.82484	4.33703	-7.68999	-8.95541	3.58423	
1.57765	-0.877149	9.63335	4.35157	-6.73158	-8.91129	3.4946	
1.42784	-0.857134	9.51937	4.34959	-6.09074	-8.86944	3.4305	
1.33268	-0.82876	9.44686	4.33556	-5.65544	-8.82571	3.3836	
1.27812	-0.806972	9.39488	4.31386	-5.353	-8.78329	3.34848	
1.24673	-0.784397	9.35465	4.28707	-5.1383	-8.7411	3.32139	
1.22923	-0.762246	9.31913	4.25711	-4.98363	-8.69959	3.29972	
1.219	-0.742286	9.28661	4.22406	-4.86684	-8.65714	3.28198	
1.21705	-0.7185	9.25426	4.19187	-4.77651	-8.61815	3.26631	
1.21614	-0.695864	9.22242	4.15756	-4.70423	-8.57796	3.25253	
1.21656	-0.674601	9.19026	4.12285	-4.64409	-8.5383	3.23997	
1.22086	-0.652855	9.15707	4.08804	-4.59224	-8.49919	3.22835	
1.21991	-0.632477	9.12411	4.05325	-4.54619	-8.4606	3.2168	
1.22376	-0.612972	9.09239	4.01866	-4.50673	-8.42354	3.20406	
1.22721	-0.589115	9.05537	3.98427	-4.46386	-8.3848	3.1961	
1.22842	-0.56842	9.02035	3.95	-4.42685	-8.34759	3.18499	
1.22994	-0.548163	8.98648	3.91595	-4.39154	-8.31101	3.17449	
1.232	-0.528613	8.95198	3.88226	-4.35699	-8.27479	3.16348	
1.2353	-0.507265	8.91944	3.84888	-4.32283	-8.23904	3.15406	
1.2351	-0.487726	8.88059	3.81559	-4.28893	-8.20308	3.14367	
1.23862	-0.467486	8.84594	3.78292	-4.25638	-8.16854	3.13314	
1.2398	-0.447447	8.81212	3.75039	-4.22349	-8.13453	3.12354	
1.24047	-0.428019	8.77733	3.71808	-4.1908	-8.10003	3.11304	
1.24131	-0.407106	8.74269	3.68607	-4.15775	-8.06619	3.10424	
1.24277	-0.388368	8.70814	3.65432	-4.12566	-8.03381	3.09284	
1.24311	-0.370297	8.67351	3.62284	-4.09338	-8.00092	3.0823	
1.24264	-0.351619	8.64048	3.5917	-4.06116	-7.96656	3.07128	
1.24313	-0.331421	8.6048	3.56084	-4.02862	-7.93422	3.06385	
1.2434	-0.313904	8.56944	3.53018	-3.99665	-7.90227	3.05241	
1.24336	-0.295336	8.53616	3.49985	-3.96495	-7.87075	3.04259	
1.23955	-0.270269	8.53356	3.466	-3.94036	-7.84676	3.03264	
1.2467	-0.260001	8.45234	3.44078	-3.89364	-7.80687	3.02272	
1.24356	-0.241204	8.42719	3.41102	-3.86673	-7.77666	3.01266	
1.2428	-0.222976	8.39929	3.38236	-3.83668	-7.74777	3.00312	
1.24039	-0.204971	8.36432	3.35166	-3.80655	-7.71621	2.99386	
1.23868	-0.186862	8.33498	3.32203	-3.77312	-7.68733	2.98265	
1.23957	-0.170949	8.29712	3.295	-3.74498	-7.65813	2.97344	
1.23798	-0.151177	8.26841	3.26652	-3.71185	-7.6292	2.96361	
1.23654	-0.133983	8.23596	3.23797	-3.68039	-7.6004	2.95388	
1.23577	-0.116754	8.20212	3.21135	-3.65014	-7.57249	2.94417	
1.23374	-0.100616	8.16902	3.18231	-3.6158	-7.5431	2.93436	
1.23201	-0.0831892	8.13843	3.15492	-3.5869	-7.51648	2.92469	
1.23029	-0.0654642	8.10567	3.12773	-3.55549	-7.48891	2.91499	
1.22836	-0.0484576	8.07386	3.10072	-3.5246	-7.4616	2.90521	
1.22632	-0.0311084	8.04185	3.07392	-3.49368	-7.43449	2.8956	
1.22412	-0.0165328	8.01012	3.0473	-3.46292	-7.40786	2.88616	
1.22182	-0.00191462	7.97996	3.021	-3.43218	-7.38138	2.87656	
1.21946	0.0164203	7.94658	2.99496	-3.40132	-7.35526	2.86701	
1.21685	0.032602	7.91582	2.96904	-3.37105	-7.32932	2.85744	
1.21419	0.0484619	7.88785	2.9433	-3.3415	-7.30384	2.84814	
1.2117	0.0642544	7.85252	2.91801	-3.3098	-7.27822	2.83834	
1.2088	0.0800896	7.8246	2.89266	-3.27996	-7.25307	2.82807	
1.2054	0.0954383	7.79219	2.86724	-3.25006	-7.22818	2.81969	
1.20147	0.111907	7.72674	2.8424	-3.24202	-7.20161	2.81259	
1.19439	0.12029	7.78517	2.81467	-3.08097	-7.1822	2.80019	
1.19943	0.142545	7.69763	2.79415	-3.18508	-7.15489	2.79142	
1.19416	0.157386	7.67117	2.76954	-3.14909	-7.13159	2.78184	
1.18976	0.172193	7.64079	2.74521	-3.11406	-7.10723	2.77241	
1.18558	0.1869	7.61243	2.72111	-3.08126	-7.08383	2.76307	
1.17717	0.201684	7.58889	2.69707	-2.9846	-7.06049	2.75318	
1.18016	0.217345	7.55642	2.67349	-2.97045	-7.03274	2.7444	
1.17587	0.230241	7.52936	2.64987	-2.96901	-7.01704	2.7349	
1.17047	0.244866	7.49824	2.62664	-3.035	-6.99289	2.72726	
1.16597	0.259145	7.46666	2.60382	-2.96758	-6.97074	2.71749	
1.16152	0.272873	7.43948	2.58098	-2.89819	-6.94987	2.70781	
1.15702	0.287341	7.4087	2.55824	-2.87442	-6.92726	2.69882	
1.15256	0.301202	7.39558	2.53565	-2.8443	-6.90563	2.68957	
1.14909	0.315646	7.36851	2.51329	-2.81311	-6.88325	2.68047	
1.14471	0.329968	7.30269	2.49091	-2.78388	-6.86136	2.67272	
1.13767	0.343428	7.28881	2.46878	-2.75993	-6.84029	2.66326	
1.13238	0.356861	7.2488	2.44688	-2.73379	-6.81946	2.65389	
1.12679	0.370199	7.26573	2.42513	-2.70821	-6.7988	2.64467	
1.1253	0.383882	7.30677	2.40366	-2.67279	-6.77851	2.63518	
1.12609	0.396073	7.1653	2.38235	-2.63079	-6.75839	2.62556	
1.11635	0.409487	7.15504	2.3609	-2.61211	-6.73819	2.61704	
1.11042	0.422758	7.20482	2.3397	-2.56784	-6.71925	2.61156	
1.10748	0.434629	6.97567	2.31791	-2.54742	-6.69929	2.60149	
1.09216	0.449286	7.12423	2.2979	-2.55696	-6.67832	2.58949	
1.09253	0.461862	7.07853	2.27736	-2.51645	-6.65923	2.58093	
1.08975	0.485608	7.04086	2.25767	-2.43289	-6.64078	2.57282	
1.08348	0.484719	7.01994	2.23547	-2.47093	-6.62071	2.56405	
1.07847	0.497139	6.98968	2.21553	-2.43758	-6.60209	2.55471	
1.07263	0.510076	6.96197	2.19536	-2.40568	-6.58357	2.54724	
1.06714	0.523542	6.93614	2.17583	-2.37606	-6.56514	2.53712	
1.06124	0.536044	6.9116	2.15596	-2.34818	-6.54681	2.52952	
1.05538	0.548397	6.88676	2.1362	-2.32126	-6.52863	2.52081	
1.04951	0.560503	6.86294	2.11656	-2.29395	-6.51059	2.51301	
1.04365	0.572888	6.83738	2.09705	-2.26705	-6.49269	2.50294	
1.03765	0.584726	6.81313	2.07766	-2.24071	-6.47497	2.49487	
1.0317	0.596632	6.78918	2.05847	-2.21447	-6.45743	2.48635	
1.02558	0.608415	6.76508	2.03927	-2.18832	-6.43996	2.47795	
1.01945	0.620163	6.74126	2.02022	-2.16224	-6.42263	2.47006	
1.01331	0.631793	6.71759	2.00133	-2.13647	-6.40546	2.4603	
1.00712	0.643322	6.69404	1.98257	-2.11075	-6.38892	2.45201	
1.00087	0.65478	6.6711	1.96391	-2.08517	-6.37117	2.44357	
0.994222	0.6661	6.64722	1.94499	-2.05917	-6.35452	2.43535	
0.988412	0.677415	6.62421	1.92708	-2.0342	-6.33839	2.42651	
0.981944	0.688623	6.60136	1.90873	-2.00919	-6.32191	2.41843	
0.975475	0.69965	6.57852	1.8905	-1.98373	-6.30583	2.41003	
0.968977	0.710892	6.55588	1.8724	-1.95895	-6.28927	2.40155	
0.962461	0.721722	6.53328	1.85441	-1.93393	-6.27331	2.3933	
0.955873	0.731437	6.51041	1.83651	-1.909	-6.25737	2.38501	
0.94959	0.743624	6.48668	1.81914	-1.88322	-6.24203	2.37381	
0.942325	0.754453	6.46711	1.80097	-1.86047	-6.22581	2.36921	
0.935835	0.765157	6.44521	1.78344	-1.83516	-6.21028	2.36037	
0.929185	0.775559	6.42291	1.76594	-1.81048	-6.19482	2.35146	
0.922098	0.785996	6.40025	1.74821	-1.78593	-6.17914	2.3442	
0.916308	0.796461	6.37955	1.73196	-1.76246	-6.16492	2.33576	
0.910173	0.806969	6.35815	1.71554	-1.73985	-6.15082	2.32868	
0.901473	0.817061	6.33618	1.69666	-1.71225	-6.13395	2.31882	
0.895056	0.828849	6.32144	1.68001	-1.68989	-6.1194	2.3097	
0.888592	0.837011	6.29038	1.66313	-1.66275	-6.10469	2.30421	
0.881211	0.847284	6.27127	1.64633	-1.64078	-6.09003	2.29438	
0.873085	0.856623	6.25064	1.62868	-1.61572	-6.07453	2.28469	
0.867732	0.867537	6.23066	1.61356	-1.59428	-6.0615	2.27895	
0.860544	0.877612	6.21013	1.59693	-1.57057	-6.04716	2.27071	
0.851819	0.886923	6.18936	1.57882	-1.54499	-6.03133	2.26268	
0.845443	0.89654	6.16887	1.56302	-1.52189	-6.01764	2.25511	
0.840181	0.906805	6.14885	1.54856	-1.50093	-6.00539	2.24627	
0.832322	0.916891	6.13156	1.53175	-1.47959	-5.99101	2.23535	
0.825632	0.92583	6.10706	1.51592	-1.45272	-5.97754	2.23124	
0.818126	0.935358	6.08784	1.49976	-1.43003	-5.96377	2.22304	
0.810667	0.944793	6.06854	1.48359	-1.40693	-5.94997	2.21461	
0.803632	0.954446	6.04831	1.46785	-1.3842	-5.93659	2.20724	
0.796326	0.963572	6.0287	1.45197	-1.36105	-5.9231	2.19905	
0.7895	0.96758	6.00967	1.43659	-1.33872	-5.91015	2.19004	
0.781614	0.983137	5.98912	1.42056	-1.31477	-5.89639	2.18332	
0.775316	0.991929	5.96987	1.40553	-1.29234	-5.88402	2.17534	
0.765685	1.00078	5.95074	1.38739	-1.2699	-5.86854	2.16712	
0.760653	1.00934	5.93109	1.37488	-1.24669	-5.8577	2.16002	
0.753169	1.01848	5.91214	1.35936	-1.22507	-5.84476	2.15226	
0.745657	1.02725	5.89323	1.34384	-1.20261	-5.8318	2.14427	
0.738368	1.03602	5.87411	1.3286	-1.18015	-5.81908	2.13647	
0.731083	1.04471	5.85516	1.31347	-1.15775	-5.80646	2.12871	
0.723803	1.05338	5.83636	1.29843	-1.1354	-5.79394	2.12098	
0.716501	1.06299	5.8158	1.28348	-1.11456	-5.78151	2.11325	
0.709484	1.07581	5.79711	1.26895	-1.09988	-5.76948	2.10492	
0.701571	1.07791	5.78228	1.25343	-1.06692	-5.7558	2.09806	
0.694638	1.0866	5.76148	1.2389	-1.04525	-5.74477	2.09041	
0.687349	1.09529	5.74329	1.22429	-1.02396	-5.73261	2.08276	
0.680072	1.10388	5.72409	1.20972	-1.00159	-5.72114	2.07515	
0.67272	1.11221	5.70653	1.19516	-0.980867	-5.70785	2.06765	
0.665663	1.12137	5.68734	1.18087	-0.958435	-5.69721	2.06072	
0.656132	1.12961	5.67108	1.16445	-0.938652	-5.68484	2.05108	
0.651914	1.13758	5.64992	1.153	-0.913438	-5.67309	2.04486	
0.643959	1.14504	5.63283	1.13776	-0.893784	-5.66054	2.03663	
0.636523	1.15327	5.61467	1.12348	-0.872639	-5.64935	2.02961	
0.62911	1.16407	5.59894	1.10923	-0.853583	-5.63857	2.02234	
-275.549	26.1418	890.431	-36.7588	-562.693	24.2493	11.0827	
-215.192	23.5638	774.733	-28.8552	-502.919	22.2535	6.83629	
-159.577	19.802	636.145	-22.1505	-421.966	19.1196	4.04987	
-110.416	16.8767	491.002	-16.2577	-331.928	15.3213	2.29754	
-72.6093	13.6818	364.58	-11.9767	-250.383	11.7383	1.27533	
-46.1335	11.127	265.098	-9.12486	-184.092	8.73783	0.62808	
-28.4983	9.20486	190.509	-7.34194	-132.939	6.3106	0.684464	
-17.0611	7.77663	135.776	-6.30167	-94.4491	4.41917	0.727384	
-9.75707	6.72994	95.9983	-5.72927	-65.8441	2.94437	0.857239	
-5.13721	5.96803	67.1904	-5.44156	-44.7304	1.79347	1.04741	
-2.23357	5.41311	46.3353	-5.32191	-29.1931	0.892521	1.24881	
-0.415576	5.00932	31.2165	-5.29546	-17.7725	0.183832	1.43908	
0.720964	4.71533	20.2281	-5.31754	-9.37519	-0.37674	1.60917	
1.43273	4.49814	12.2143	-5.36268	-3.19178	-0.82281	1.7545	
1.88092	4.33971	6.34489	-5.41568	1.374	-1.17949	1.87556	
2.1668	4.22356	2.02402	-5.46957	4.75882	-1.46813	1.97359	
2.35321	4.13758	-1.17717	-5.51889	7.28223	-1.7013	2.05003	
2.47908	4.07225	-3.56659	-5.56344	9.17755	-1.89431	2.10976	
2.56594	3.33521	-5.35373	-5.60237	10.6137	-2.05039	1.87337	
2.6448	4.1595	-6.80782	-5.603	11.8003	-2.1941	2.12381	
2.69321	4.07381	-7.83052	-5.65014	12.6165	-2.3067	2.3319	
2.73913	4.02815	-8.64449	-5.68646	13.2762	-2.39491	2.30322	
2.78131	3.99164	-9.30298	-5.71293	13.8176	-2.47411	2.29032	
2.82357	3.96056	-9.84602	-5.73293	14.2722	-2.544	2.2804	
2.86414	3.93848	-10.3052	-5.74706	14.6629	-2.60737	2.28498	
2.90696	3.91521	-10.7013	-5.76383	15.0064	-2.66372	2.25627	
2.94848	3.898	-11.0535	-5.77444	15.3162	-2.71713	2.24836	
2.99051	3.88304	-11.3731	-5.78235	15.6007	-2.76686	2.24048	
3.03401	3.86957	-11.6695	-5.78739	15.8668	-2.81399	2.22986	
3.07805	3.85854	-11.9482	-5.79222	16.1193	-2.85766	2.20582	
3.12289	3.84344	-12.2154	-5.79367	16.3618	-2.90329	2.21565	
3.16871	3.83343	-12.4746	-5.7942	16.5977	-2.94618	2.20141	
3.21553	3.82165	-12.728	-5.79313	16.8281	-2.98846	2.18909	
3.26322	3.80924	-12.9778	-5.79032	17.0548	-3.02978	2.17684	
3.31187	3.79797	-13.2254	-5.78572	17.2789	-3.07249	2.16444	
3.36027	3.78581	-13.4718	-5.77971	17.5007	-3.11356	2.15032	
3.41227	3.77257	-13.7178	-5.7714	17.7212	-3.15706	2.13743	
3.4634	3.75918	-13.9637	-5.7616	17.9404	-3.19979	2.12353	
3.51546	3.74477	-14.2101	-5.74987	18.1586	-3.24305	2.10977	
3.56847	3.74561	-14.4613	-5.73397	18.3763	-3.28883	2.23727	
3.62215	3.71533	-14.702	-5.7221	18.5936	-3.33091	2.04413	
3.67623	3.69682	-14.9513	-5.70545	18.8059	-3.37584	2.03315	
3.73167	3.68062	-15.2014	-5.68584	19.0216	-3.42183	2.02925	
3.78782	3.66386	-15.4522	-5.66344	19.2361	-3.46916	2.02097	
3.84454	3.64611	-15.7033	-5.64131	19.4491	-3.51653	2.01049	
3.90313	3.46316	-15.9548	-5.61107	19.6609	-3.57042	2.27256	
3.96126	3.6443	-16.2228	-5.58093	19.8916	-3.61779	1.8967	
4.01923	3.66665	-16.4667	-5.54737	20.0909	-3.66575	1.66641	
4.07667	3.57893	-16.708	-5.53435	20.2822	-3.71358	1.99223	
4.13686	3.55463	-16.9608	-5.50027	20.488	-3.76513	1.96503	
4.19745	3.52999	-17.2136	-5.46422	20.692	-3.8175	1.94074	
4.25846	3.50501	-17.4661	-5.42651	20.894	-3.87068	1.91797	
4.33407	3.05524	-17.7378	-5.30974	21.1142	-3.92506	2.15663	
4.37837	3.54836	-18.0005	-5.345	21.3329	-3.99027	1.77811	
4.44112	3.50149	-18.2336	-5.30703	21.5035	-4.04085	1.80714	
4.50306	3.45972	-18.4728	-5.26437	21.6814	-4.09369	1.80694	
4.56612	3.41479	-18.7223	-5.21782	21.8624	-4.14879	1.82201	
4.62945	3.38185	-18.9588	-5.16821	22.045	-4.20463	1.78192	
4.69284	3.34515	-19.2038	-5.1164	22.2259	-4.26194	1.77119	
4.75636	3.30969	-19.4481	-5.06236	22.405	-4.32026	1.75793	
4.81994	3.27496	-19.6913	-5.00628	22.5814	-4.37936	1.72141	
4.88334	3.24104	-19.9327	-4.94846	22.7544	-4.43913	1.74123	
4.9473	3.20665	-20.1721	-4.88842	22.924	-4.49958	1.71213	
5.01088	3.16651	-20.409	-4.82684	23.0895	-4.55938	1.71756	
5.07449	3.13918	-20.6441	-4.76299	23.2516	-4.62242	1.66789	
5.13791	3.1639	-20.8755	-4.69801	23.4083	-4.68381	1.96785	
5.20038	3.05657	-21.0981	-4.63516	23.5539	-4.74473	1.5348	
5.26501	3.02412	-21.3269	-4.56446	23.705	-4.80817	1.54949	
5.32708	2.992	-21.5509	-4.49294	23.85	-4.87161	1.56377	
5.39	2.95628	-21.771	-4.42057	23.9888	-4.93493	1.5467	
5.45261	2.92142	-21.987	-4.34643	24.1229	-4.99865	1.53872	
5.51477	2.88574	-22.1989	-4.27053	24.2511	-5.06294	1.52975	
5.5765	2.84981	-22.4067	-4.19365	24.3738	-5.12691	1.51688	
5.63782	2.81285	-22.6104	-4.11531	24.491	-5.19097	1.50186	
5.69868	2.77551	-22.8099	-4.03547	24.6027	-5.25503	1.48606	
5.75907	2.7455	-23.0039	-3.95415	24.7078	-5.31939	1.4413	
5.81879	2.69766	-23.1953	-3.87202	24.8088	-5.38336	1.46158	
5.87816	2.65921	-23.3819	-3.78763	24.9041	-5.44771	1.44184	
5.93688	2.62055	-23.5636	-3.70204	24.9936	-5.51187	1.42198	
5.99507	2.58093	-23.7405	-3.6151	25.077	-5.57666	1.40345	
6.05224	2.54143	-23.9125	-3.52734	25.1545	-5.64011	1.3848	
6.1089	2.5018	-24.0794	-3.43822	25.2262	-5.70401	1.36682	
6.1648	2.46151	-24.2412	-3.34804	25.2917	-5.76767	1.34902	
6.21947	2.42972	-24.3995	-3.25706	25.3511	-5.83185	1.30302	
6.27428	2.37837	-24.5457	-3.16513	25.4035	-5.89388	1.35543	
6.32767	2.33819	-24.6949	-3.0717	25.4514	-5.95684	1.29371	
6.3802	2.29751	-24.8356	-2.97754	25.4929	-6.0195	1.27814	
6.43181	2.256	-24.9707	-2.88265	25.5281	-6.08157	1.2616	
6.48244	2.2146	-25.1001	-2.78702	25.5571	-6.14282	1.2474	
6.53215	2.17351	-25.2238	-2.69072	25.5799	-6.20465	1.23137	
6.5808	2.13214	-25.3418	-2.59385	25.5965	-6.26568	1.2154	
6.62817	2.09109	-25.454	-2.4973	25.6069	-6.32585	1.19986	
6.67528	2.05129	-25.5647	-2.39828	25.6112	-6.3858	1.167	
6.72043	2.00712	-25.6595	-2.30016	25.6092	-6.44448	1.17559	
6.76476	1.96604	-25.7544	-2.20143	25.6014	-6.50303	1.15886	
6.80795	1.92427	-25.8433	-2.10243	25.5875	-6.56159	1.14294	
6.85	1.88379	-25.926	-2.00317	25.5676	-6.61781	1.1276	
6.89078	1.84147	-26.0028	-1.90379	25.5416	-6.67415	1.11299	
6.93044	1.80215	-26.0736	-1.8042	25.5098	-6.7298	1.09841	
6.96883	1.76157	-26.1381	-1.70469	25.4719	-6.78534	1.08431	
7.0059	1.72025	-26.1967	-1.60524	25.4283	-6.83825	1.07173	
7.0418	1.67884	-26.2494	-1.50571	25.379	-6.89178	1.05829	
7.07637	1.63878	-26.2959	-1.40627	25.3242	-6.94403	1.04531	
7.10963	1.59983	-26.3365	-1.30705	25.2637	-6.99542	1.03288	
7.14154	1.55981	-26.3715	-1.20818	25.1976	-7.0467	1.02043	
7.1721	1.52134	-26.3993	-1.10965	25.1262	-7.09468	1.01657	
7.2013	1.49939	-26.4214	-1.01201	25.049	-7.1436	1.19306	
7.22896	1.43911	-26.4369	-0.914714	24.9659	-7.19096	0.919203	
7.25564	1.40213	-26.4484	-0.816615	24.8795	-7.23777	0.93336	
7.27943	1.38248	-26.4555	-0.729465	24.7787	-7.29198	1.12571	
7.30491	1.32262	-26.4516	-0.62101	24.6924	-7.32596	0.867853	
7.32715	1.28671	-26.4453	-0.525572	24.5904	-7.37007	0.88447	
7.34784	1.25169	-26.4329	-0.430887	24.4835	-7.41271	0.892526	
7.36663	1.21603	-26.4146	-0.337115	24.3716	-7.45413	0.895023	
7.38488	1.16727	-26.3905	-0.243815	24.2555	-7.49443	0.908597	
7.4018	1.14836	-26.3608	-0.150255	24.137	-7.53393	0.886107	
7.41662	1.12406	-26.3264	-0.0591738	24.0115	-7.57202	0.923561	
7.42993	1.07604	-26.2832	0.0303032	23.8812	-7.60793	0.86276	
7.44206	1.04257	-26.2369	0.120384	23.7486	-7.64353	0.861751	
7.45272	1.00931	-26.185	0.209389	23.6119	-7.67799	0.856676	
7.46187	0.972499	-26.1276	0.297301	23.4715	-7.7112	0.860798	
7.46963	0.943016	-26.0656	0.384776	23.3279	-7.74385	0.863443	
7.47582	0.923777	-25.997	0.470177	23.1799	-7.77275	0.852325	
7.48108	0.881532	-25.9233	0.55427	23.0283	-7.80479	0.821356	
7.48336	0.851105	-25.8439	0.636902	22.8728	-7.8312	0.785608	
7.48805	0.827533	-25.7609	0.721239	22.7181	-7.85858	0.745672	
7.48483	0.791209	-25.6713	0.799641	22.553	-7.8848	0.838672	
7.48414	0.762824	-25.5781	0.879879	22.3898	-7.90938	0.823968	
7.48182	0.734997	-25.4799	0.958618	22.2235	-7.93292	0.81116	
7.47795	0.707961	-25.3767	1.03588	22.0543	-7.95521	0.80037	
7.47258	0.679908	-25.2687	1.11179	21.8824	-7.9763	0.791143	
7.46576	0.655271	-25.156	1.18637	21.708	-7.99616	0.782789	
7.45843	0.630964	-25.0404	1.26085	21.5325	-8.0147	0.77388	
7.44735	0.605079	-24.916	1.33041	21.3513	-8.03199	0.768665	
7.42281	0.577552	-24.7772	1.40041	21.1622	-8.02321	0.288692	
7.42895	0.557766	-24.6629	1.47016	20.9868	-8.06809	0.909036	
7.41326	0.534612	-24.5269	1.53745	20.8023	-8.08084	0.853732	
7.39689	0.512646	-24.3869	1.60335	20.6156	-8.09236	0.813379	
7.3796	0.490397	-24.2434	1.66779	20.4269	-8.10385	0.786092	
7.36127	0.469418	-24.0956	1.73087	20.2365	-8.11354	0.764652	
7.34179	0.449489	-23.9442	1.7924	20.0446	-8.12092	0.74825	
7.32112	0.429367	-23.789	1.85245	19.8512	-8.13022	0.736099	
7.29925	0.41077	-23.6302	1.91106	19.6567	-8.13677	0.725522	
7.2762	0.39213	-23.4678	1.96821	19.461	-8.14227	0.71758	
7.25195	0.374347	-23.3019	2.02386	19.2644	-8.14662	0.710784	
7.22653	0.357821	-23.1327	2.07803	19.0668	-8.1501	0.704411	
7.19995	0.3413	-22.9601	2.13068	18.8684	-8.15234	0.698003	
7.17224	0.325692	-22.7844	2.18188	18.6693	-8.15378	0.692183	
7.14346	0.310801	-22.6055	2.23161	18.4696	-8.15408	0.687955	
7.11356	0.296122	-22.4237	2.27986	18.2694	-8.15332	0.682658	
7.0826	0.281996	-22.2391	2.32669	18.0688	-8.15156	0.677444	
7.05066	0.268772	-22.0517	2.3721	17.8679	-8.14882	0.672785	
7.01773	0.255738	-21.8617	2.41608	17.6668	-8.14518	0.66777	
6.98384	0.24386	-21.6693	2.45867	17.4656	-8.14056	0.66327	
6.94903	0.232506	-21.4745	2.49984	17.2641	-8.13501	0.659267	
6.91334	0.22153	-21.2774	2.5396	17.0633	-8.12859	0.654031	
6.87676	0.211734	-21.0781	2.578	16.8621	-8.12118	0.650785	
6.83939	0.203063	-20.8768	2.61503	16.6613	-8.11293	0.65894	
6.80121	0.192217	-20.6737	2.65059	16.4607	-8.10382	0.637727	
6.76233	0.184335	-20.4689	2.68506	16.2606	-8.09363	0.634856	
6.72272	0.176747	-20.2624	2.71814	16.0609	-8.08323	0.631682	
6.68242	0.168173	-20.0543	2.74985	15.8618	-8.07159	0.628366	
6.64156	0.160963	-19.8452	2.78057	15.6635	-8.05942	0.625209	
6.59997	0.154836	-19.6345	2.80993	15.4658	-8.04638	0.620903	
6.55791	0.149006	-19.4226	2.83807	15.2689	-8.03227	0.617431	
6.51527	0.143953	-19.2105	2.86498	15.0729	-8.01818	0.613995	
6.47692	0.1338	-19.0038	2.89097	14.8805	-8.01025	0.645194	
6.42755	0.127108	-18.7818	2.92218	14.684	-7.98676	0.556338	
6.38314	0.129696	-18.566	2.93756	14.4908	-7.9691	0.470244	
6.33967	0.128771	-18.3519	2.96059	14.2984	-7.95296	0.646497	
6.29521	0.125395	-18.1365	2.98201	14.1077	-7.93561	0.627652	
6.25031	0.122204	-17.9202	3.00246	13.9181	-7.9171	0.61374	
6.20516	0.119262	-17.7045	3.02252	13.73	-7.8991	0.6034	
6.15969	0.117057	-17.4883	3.04023	13.543	-7.87936	0.594846	
6.11394	0.132344	-17.2652	3.0578	13.3573	-7.85911	0.555247	
6.06798	0.10976	-17.0571	3.07285	13.1722	-7.83851	0.593728	
6.76925	-14.8941	-44.01	35.9534	52.1902	-299.842	-7.08206	
420.883	-15.6451	-239.287	90.3829	-236.235	-203.458	70.3165	
355.886	-11.0285	-211.673	69.0726	-193.458	-138.122	52.024	
298.409	-7.87605	-185.739	53.357	-156.486	-94.3571	38.6037	
247.048	-5.67409	-160.931	41.4553	-124.45	-64.8764	28.5907	
295.124	-27.7216	-415.279	86.6069	-3.00239	-59.8052	21.3836	
222.882	-15.9112	-280.652	53.6993	-26.3504	-37.0997	17.8823	
165.287	-8.8982	-190.287	33.4521	-33.7894	-25.3571	13.7343	
122.396	-4.65959	-129.165	21.1413	-33.3361	-16.7189	10.3978	
89.8847	-2.15463	-87.3815	13.7191	-29.4741	-11.0603	7.69664	
65.2876	-0.703861	-58.5252	9.26899	-24.4815	-7.66654	5.7753	
46.6792	0.137776	-38.4344	6.62111	-19.4692	-5.72863	4.42826	
32.6441	0.605105	-24.349	5.04285	-14.9196	-4.13064	3.48117	
22.0224	0.851575	-14.4339	4.12345	-11.003	-3.16541	2.77421	
13.9912	0.970742	-7.42636	3.59108	-7.73816	-2.51511	2.31989	
7.91651	1.01808	-2.46437	3.28681	-5.0723	-2.40838	2.04286	
3.31963	1.02701	1.0632	3.11222	-2.92671	-1.85772	1.75735	
-0.159665	1.01552	3.56566	3.01883	-1.21292	-1.79687	1.6236	
-2.78785	0.988759	5.43845	2.96443	0.142089	-1.74767	1.54116	
-4.78776	0.974666	6.58062	2.93452	1.21889	-1.62806	1.45159	
-6.29763	0.952998	7.47935	2.9136	2.06175	-1.47155	1.40529	
-7.43772	0.934686	8.12446	2.89885	2.72488	-1.64701	1.38984	
-8.30065	0.914064	8.56299	2.88482	3.24615	-1.54368	1.42111	
-8.94936	0.907331	8.87268	2.87145	3.65284	-1.7659	1.33249	
-9.43621	0.895853	9.0811	2.85708	3.98297	-1.42736	1.3545	
-9.80158	0.88668	9.21597	2.84374	4.24246	-1.61656	1.32497	
-10.0719	0.882557	9.2998	2.82776	4.44847	-1.51647	1.2987	
-10.2709	0.878635	9.34663	2.8118	4.61498	-1.52396	1.28922	
-10.4152	0.876271	9.36634	2.79502	4.75021	-1.52905	1.27506	
-10.5179	0.874037	9.36133	2.77769	4.86158	-1.42912	1.23789	
-10.5919	0.875639	9.35785	2.76049	4.95399	-1.61402	1.23656	
-10.6343	0.875747	9.32894	2.74166	5.03104	-1.53018	1.20871	
-10.6634	0.877121	9.29895	2.72402	5.09737	-1.5691	1.22012	
-10.6776	0.87891	9.26126	2.7058	5.15471	-1.54932	1.1839	
-10.6783	0.881114	9.22123	2.68606	5.20661	-1.49401	1.16705	
-10.6713	0.882625	9.17272	2.66751	5.25046	-1.58755	1.15176	
-10.6592	0.886078	9.12293	2.64912	5.29176	-1.44426	1.13641	
-10.6418	0.888049	9.08635	2.63119	5.3291	-1.52066	1.10815	
-10.6206	0.891533	9.0393	2.61302	5.36338	-1.50724	1.09788	
-10.5934	0.893922	8.98675	2.59177	5.39559	-1.42176	1.08924	
-10.5708	0.897089	8.93964	2.57857	5.42832	-1.59632	1.07327	
-10.5432	0.900713	8.89244	2.55909	5.45616	-1.56522	1.05598	
-10.5105	0.902363	8.84267	2.54053	5.48352	-1.59117	1.03744	
-10.4846	0.907634	8.79732	2.52426	5.50974	-1.57719	1.01235	
-10.4495	0.912869	8.74613	2.50291	5.53187	-1.60562	1.00515	
-10.4174	0.913667	8.69593	2.48564	5.55978	-1.54054	0.981451	
-10.3849	0.915859	8.64804	2.46847	5.58438	-1.45448	0.965217	
-10.352	0.918721	8.59976	2.45178	5.6082	-1.5529	0.958856	
-10.3184	0.919882	8.54835	2.43441	5.6322	-1.45808	0.937509	
-10.2855	0.924999	8.50107	2.41776	5.65454	-1.55967	0.919021	
-10.2503	0.929399	8.46035	2.40018	5.66598	-1.48752	0.913673	
-10.2163	0.93045	8.40814	2.38291	5.69638	-1.50733	0.891875	
-10.1827	0.933298	8.36187	2.36668	5.71631	-1.45512	0.885039	
-10.1506	0.935886	8.31489	2.35034	5.73731	-1.53184	0.864364	
-10.1119	0.939064	8.26889	2.33228	5.75461	-1.47015	0.850592	
-10.0788	0.941296	8.22191	2.31709	5.77287	-1.56423	0.833559	
-10.0434	0.945843	8.17749	2.30008	5.79135	-1.54187	0.822102	
-10.0096	0.947066	8.1311	2.28349	5.80871	-1.54468	0.80759	
-9.97724	0.953772	8.08627	2.26715	5.82749	-1.5577	0.787189	
-9.94029	0.951597	8.03853	2.25092	5.84179	-1.39119	0.775057	
-10.4039	1.54863	8.10958	2.04172	5.90988	-1.54253	0.760372	
-9.75682	0.829548	7.93728	2.2421	5.82488	-1.48592	0.746634	
-9.74612	0.854898	7.90221	2.23477	5.87016	-1.41989	0.738809	
-9.73066	0.879915	7.85373	2.21225	5.89758	-1.46492	0.719504	
-9.71186	0.900825	7.8069	2.19492	5.91888	-1.46268	0.705489	
-9.68945	0.915575	7.76204	2.17673	5.93882	-1.59298	0.691085	
-9.66379	0.929729	7.71984	2.15791	5.95313	-1.51981	0.678316	
-9.63573	0.941428	7.6777	2.13984	5.96458	-1.48485	0.664565	
-9.60609	0.950336	7.63552	2.12244	5.97681	-1.50036	0.65138	
-9.57544	0.958385	7.59429	2.10563	5.99186	-1.5351	0.638668	
-9.54263	0.963756	7.55153	2.08845	6.00283	-1.45331	0.629457	
-9.5095	0.969867	7.51064	2.07275	6.01258	-1.43611	0.614324	
-9.47573	0.974215	7.46919	2.05723	6.02443	-1.57339	0.599685	
-9.44149	0.979133	7.42831	2.0408	6.03361	-1.53854	0.586999	
-9.40655	0.982141	7.38685	2.02481	6.04405	-1.46099	0.575301	
-9.37163	0.985337	7.34524	2.0121	6.0539	-1.52709	0.563072	
-9.33652	0.987993	7.304	1.99745	6.06308	-1.39913	0.551871	
-9.30125	0.990074	7.26231	1.98403	6.07321	-1.50081	0.539637	
-9.27243	0.994867	7.22351	1.97415	6.08601	-1.43436	0.527758	
-9.22807	0.995632	7.18144	1.95234	6.087	-1.4937	0.515187	
-9.19238	0.997795	7.14063	1.93934	6.09528	-1.49594	0.504417	
-9.1567	0.998608	7.0973	1.9303	6.1088	-1.46708	0.492823	
-9.12095	1.00132	7.05804	1.91576	6.11492	-1.45167	0.481347	
-9.08487	1.00644	7.0215	1.90042	6.11839	-1.43205	0.469524	
-9.04887	1.00589	6.98095	1.88442	6.12204	-1.45255	0.458825	
-9.01224	1.01028	6.94054	1.87238	6.13141	-1.50937	0.447628	
-8.97613	1.00886	6.90104	1.85956	6.13297	-1.49716	0.436103	
-8.93965	1.01038	6.86167	1.84711	6.13857	-1.49939	0.425969	
-8.90399	1.01362	6.82017	1.83474	6.14416	-1.46575	0.415122	
-8.86669	1.01338	6.78324	1.82223	6.14923	-1.47029	0.404389	
-8.83017	1.01736	6.744	1.81002	6.15549	-1.40554	0.393797	
-8.77312	1.01461	6.70502	1.79508	6.15541	-1.51889	0.383296	
-8.76262	1.01959	6.66583	1.78692	6.16222	-1.3719	0.373205	
-8.72339	1.0173	6.62698	1.77466	6.1708	-1.48679	0.362867	
-8.685	1.02839	6.59127	1.7677	6.16623	-1.47853	0.35282	
-8.64895	1.02799	6.55416	1.74728	6.1746	-1.44178	0.343014	
-8.61151	1.02834	6.51629	1.7361	6.17629	-1.46397	0.333205	
-8.57574	1.02262	6.47431	1.72935	6.17123	-1.4412	0.323449	
-8.53767	1.02246	6.43586	1.7124	6.17848	-1.42059	0.313679	
-8.50033	1.02761	6.39969	1.70231	6.17611	-1.42085	0.304013	
-8.46296	1.03042	6.36375	1.69158	6.17392	-1.4178	0.29456	
-8.42625	1.03132	6.326	1.68095	6.17874	-1.43091	0.285285	
-8.38877	1.03298	6.28973	1.67017	6.17875	-1.46942	0.276138	
-8.36073	1.03205	6.24856	1.65834	6.17852	-1.44661	0.267177	
-8.30849	1.03942	6.2224	1.64711	6.17588	-1.49008	0.258106	
-8.27731	1.0361	6.18	1.63647	6.17796	-1.45811	0.249451	
-8.23961	1.03788	6.14376	1.62732	6.17682	-1.43236	0.240679	
-8.20177	1.04087	6.10547	1.61525	6.17673	-1.39656	0.232019	
-8.1683	1.03171	6.0723	1.60591	6.17344	-1.4305	0.22349	
-8.12784	1.04381	6.03356	1.59537	6.17322	-1.42361	0.214847	
-8.09092	1.04586	6.00185	1.58658	6.17133	-1.4674	0.206668	
-8.05394	1.04369	5.9657	1.57389	6.16587	-1.45288	0.198549	
-8.01674	1.04471	5.93021	1.56423	6.16334	-1.41443	0.190388	
-7.979	1.05065	5.89622	1.56002	6.16055	-1.4063	0.182297	
-7.94267	1.04561	5.85991	1.54234	6.15681	-1.39333	0.174442	
-7.90518	1.04658	5.82452	1.53422	6.15379	-1.48912	0.166519	
-7.86786	1.04779	5.78992	1.52518	6.1498	-1.4019	0.158839	
-7.83097	1.04859	5.75514	1.51716	6.14593	-1.43484	0.151151	
-7.79859	1.04531	5.721	1.5077	6.14144	-1.42817	0.143639	
-7.75325	1.05376	5.68373	1.50053	6.13733	-1.4286	0.136059	
-7.71848	1.0521	5.65393	1.48886	6.13145	-1.43386	0.128871	
-7.6795	1.05743	5.61534	1.47963	6.12646	-1.39824	0.121633	
-7.64446	1.05247	5.587	1.47206	6.12058	-1.40049	0.11458	
-7.60701	1.05432	5.55228	1.46317	6.11546	-1.41901	0.107445	
-7.56991	1.05443	5.51959	1.45446	6.10905	-1.39449	0.100492	
-7.53238	1.06461	5.48635	1.44621	6.11105	-1.41447	0.093607	
-7.49549	1.05433	5.45253	1.43729	6.09342	-1.41036	0.0870462	
-7.45592	1.05802	5.41941	1.42969	6.08925	-1.42578	0.0802141	
-7.42171	1.05589	5.38623	1.42128	6.08081	-1.41078	0.0736515	
-7.38436	1.05773	5.35342	1.41335	6.07432	-1.4903	0.0670581	
-7.34729	1.06204	5.32226	1.40963	6.06692	-1.43145	0.0607021	
-7.31033	1.06117	5.28969	1.39954	6.05909	-1.35759	0.0544046	
-7.27322	1.06033	5.25659	1.39074	6.05164	-1.4057	0.0481013	
-7.23619	1.05968	5.22654	1.37775	6.04373	-1.37134	0.041915	
-7.19881	1.06034	5.19255	1.37329	6.03608	-1.46539	0.0357798	
-7.16221	1.06068	5.16006	1.36698	6.0279	-1.40198	0.0298808	
-7.12544	1.06162	5.12856	1.35983	6.01914	-1.36629	0.0239537	
-7.08116	1.05222	5.10029	1.36064	6.01356	-1.39316	0.0181431	
-7.05248	1.06549	5.06402	1.34375	6.00057	-1.42137	0.0123395	
-7.01547	1.06545	5.03391	1.33718	5.99114	-1.4053	0.00849615	
-6.98031	1.05861	5.00307	1.33091	5.9925	-1.38974	0.000125151	
-6.94162	1.06311	4.97218	1.32486	5.97697	-1.39167	-0.00430203	
-6.90428	1.06456	4.9417	1.31843	5.96564	-1.40751	-0.0102888	
-6.87005	1.06325	4.90907	1.31188	5.95555	-1.39264	-0.0146122	
-6.82998	1.06972	4.88207	1.30551	5.93578	-1.39231	-0.0199885	
-6.79372	1.06756	4.85181	1.30048	5.92763	-1.44012	-0.0251249	
-6.76394	1.07101	4.82213	1.29177	5.91651	-1.38159	-0.0302026	
-6.72074	1.06879	4.79225	1.28564	5.90672	-1.37793	-0.0352794	
-6.68477	1.06777	4.76407	1.27866	5.89634	-1.40598	-0.0401925	
-6.64976	1.0689	4.7338	1.27322	5.88568	-1.41178	-0.0450593	
-6.61081	1.0688	4.70184	1.26907	5.87462	-1.39082	-0.0498133	
-6.57491	1.06915	4.67318	1.26305	5.86318	-1.40865	-0.0549032	
-6.53924	1.06897	4.64396	1.25729	5.85149	-1.39326	-0.0559177	
-6.50325	1.0693	4.61543	1.25161	5.83976	-1.38016	-0.0650699	
-6.46783	1.06931	4.58657	1.24449	5.82787	-1.39595	-0.0684636	
-6.43183	1.06933	4.55781	1.23922	5.81581	-1.39349	-0.0727376	
-6.3979	1.06991	4.53116	1.23624	5.80357	-1.38515	-0.0776635	
-6.35902	1.07002	4.5007	1.22726	5.79115	-1.3916	-0.0816705	
-6.32629	1.0692	4.47198	1.22493	5.77852	-1.37888	-0.0911437	
-6.28817	1.06884	4.4428	1.22238	5.76584	-1.40461	-0.0875593	
-6.25331	1.06948	4.41559	1.21562	5.75271	-1.40037	-0.0887782	
-6.21873	1.06939	4.38913	1.21075	5.73963	-1.3823	-0.0976729	
-6.18422	1.06965	4.3618	1.20547	5.72646	-1.38479	-0.101794	
-6.14882	1.07013	4.33552	1.20074	5.71326	-1.38036	-0.104821	
-6.11163	1.06949	4.30626	1.19338	5.6998	-1.37939	-0.109159	
-6.079	1.06949	4.27897	1.19228	5.68588	-1.38358	-0.113082	
-6.04418	1.06923	4.25186	1.188	5.67346	-1.37179	-0.116626	
-6.01041	1.06567	4.22153	1.18526	5.65862	-1.39919	-0.119975	
-5.97542	1.0701	4.19935	1.17831	5.64387	-1.38619	-0.122776	
-5.93908	1.06967	4.17228	1.17472	5.63145	-1.39827	-0.126211	
-5.90567	1.06965	4.14613	1.16983	5.61985	-1.37236	-0.129407	
-5.87014	1.06934	4.11967	1.16612	5.60122	-1.39398	-0.133139	
-5.83846	1.0695	4.09502	1.15962	5.58326	-1.39453	-0.137848	
-5.80007	1.0687	4.06664	1.15919	5.57499	-1.37306	-0.140159	
-5.76814	1.06852	4.04054	1.15524	5.56313	-1.37793	-0.148691	
-5.73357	1.06833	4.01518	1.15157	5.54256	-1.378	-0.144444	
-5.65861	1.06817	4.00377	1.14211	5.52944	-1.38471	-0.14844	
-5.67399	1.06751	3.95832	1.14748	5.51307	-1.34175	-0.151461	
-5.63822	1.06746	3.93637	1.1418	5.49723	-1.46027	-0.154386	
-5.6053	1.06737	3.91246	1.13778	5.48252	-1.35081	-0.158531	
-5.57033	1.06705	3.88788	1.13428	5.46785	-1.37867	-0.16208	
-5.53613	1.06843	3.86363	1.1299	5.4529	-1.37117	-0.163911	
-5.50226	1.06603	3.83925	1.12783	5.43766	-1.37969	-0.167041	
-5.52952	1.06577	3.81489	1.1247	5.42216	-1.36539	-0.169469	
-5.42222	1.06578	3.79127	1.12069	5.40948	-1.3718	-0.161487	
-5.39286	1.06592	3.76649	1.11826	5.39275	-1.37338	-0.179127	
-5.35852	1.06454	3.74261	1.11559	5.37627	-1.38459	-0.180397	
-5.3295	1.0642	3.71779	1.11299	5.36005	-1.35989	-0.185437	
-5.29918	1.0639	3.69569	1.10913	5.3429	-1.38016	-0.182531	
-5.26731	1.06352	3.6708	1.10806	5.32786	-1.37997	-0.187135	
-5.2359	1.06232	3.64633	1.10556	5.31312	-1.36498	-0.183561	
-5.20398	1.06272	3.624	1.10298	5.29542	-1.36519	-0.188864	
-5.17186	1.0614	3.60076	1.10045	5.27933	-1.36896	-0.191371	
-5.14262	1.06178	3.57632	1.09807	5.26317	-1.36623	-0.196755	
-5.13151	1.06458	3.55511	1.09478	5.24667	-1.36893	-0.193498	
-5.07454	1.06048	3.53287	1.09313	5.23136	-1.38236	-0.201068	
-5.04463	1.05965	3.50974	1.09073	5.21369	-1.36753	-0.201833	
-5.01307	1.0572	3.48581	1.08918	5.19838	-1.35367	-0.196106	
-4.98185	1.06149	3.46485	1.08725	5.1818	-1.38767	-0.206568	
-4.95727	1.0578	3.44263	1.08489	5.16465	-1.36708	-0.205317	
-4.92207	1.05748	3.42043	1.08293	5.14824	-1.36751	-0.202221	
-4.89099	1.05674	3.39836	1.0813	5.13185	-1.37004	-0.197937	
-4.86033	1.05612	3.37648	1.07948	5.11508	-1.37966	-0.214168	
-4.83145	1.05589	3.35466	1.07772	5.09825	-1.3275	-0.215531	
-4.80156	1.05514	3.33375	1.07617	5.08156	-1.38212	-0.205066	
-4.77177	1.05446	3.31167	1.07318	5.06474	-1.38709	-0.22731	
-4.74106	1.05394	3.29051	1.07318	5.04778	-1.3594	-0.22082	
-4.71079	1.05245	3.26936	1.07147	5.0308	-1.37952	-0.20218	
-4.68177	1.0523	3.24837	1.06995	5.01392	-1.36505	-0.222977	
-4.6523	1.05257	3.22757	1.06832	4.99675	-1.35759	-0.229883	
-4.6338	1.04811	3.20678	1.06741	4.98014	-1.36556	-0.227591	
-4.59183	1.05086	3.18629	1.06568	4.96341	-1.36169	-0.227417	
-4.56284	1.04933	3.16589	1.06444	4.94604	-1.36883	-0.214224	
-4.53509	1.04679	3.14556	1.06327	4.92881	-1.36142	-0.265699	
-4.50561	1.04878	3.12524	1.0623	4.91171	-1.36205	-0.225492	
-4.47663	1.04741	3.1064	1.06071	4.89407	-1.363	-0.247828	
-4.44724	1.04501	3.08506	1.06021	4.87716	-1.38219	-0.239883	
-4.42173	1.04475	3.0652	1.05918	4.85984	-1.35565	-0.225761	
-4.39261	1.0448	3.04538	1.05839	4.84283	-1.36296	-0.206057	
-4.36512	1.04268	3.02661	1.05717	4.82541	-1.37758	-0.237975	
-4.33711	1.04323	3.00731	1.05633	4.80816	-1.36222	-0.241566	
-4.30989	1.04169	2.98791	1.05551	4.79082	-1.36147	-0.26995	
-4.28158	1.041	2.96878	1.05478	4.77349	-1.35748	-0.221262	
-4.253	1.03985	2.94977	1.0541	4.75622	-1.35566	-0.252605	
-24.8039	-4.89782	-11.0689	5.38165	78.1778	-3.69876	-28.1531	
-20.9725	-3.43284	-7.01425	3.64969	61.3439	-2.92382	-19.309	
-17.7608	-2.36043	-4.18559	2.58853	48.3932	-2.41101	-13.3606	
-15.095	-1.56498	-2.20101	1.94288	38.4034	-2.06968	-9.31382	
-12.4717	-0.923672	-0.866708	1.57487	30.7041	-1.83633	-6.38072	
-11.2595	-0.52539	0.211742	1.31627	24.6671	-1.67812	-4.63155	
-9.69384	-0.174367	0.922198	1.18357	20.0409	-1.55816	-3.51231	
-8.65629	0.0845543	1.40955	1.10489	16.4335	-1.48735	-2.51938	
-7.26212	0.287631	1.7692	1.05792	13.6321	-1.40258	-1.40991	
-6.69099	0.455482	2.02368	1.04535	11.4332	-1.41027	-1.42423	
-6.04134	0.580747	2.20878	1.03462	9.72067	-1.32816	-1.07379	
-5.5134	0.679006	2.34079	1.03112	8.38004	-1.325	-0.828735	
-5.08412	0.756239	2.43449	1.03123	7.32842	-1.30424	-0.652774	
-4.73549	0.816372	2.50019	1.03325	6.502	-1.29248	-0.525957	
-4.45038	0.865361	2.54538	1.03601	5.85113	-1.30244	-0.433645	
-4.2012	0.89259	2.57557	1.02958	5.32807	-1.29827	-0.0702647	
-3.97798	0.9446	2.59434	1.04948	4.93708	-1.29267	-0.371575	
-3.88114	0.955364	2.60506	1.04522	4.60504	-1.26423	-0.356471	
-3.95705	0.972751	2.60995	1.04976	4.35024	-1.26699	-0.246015	
-3.57832	0.977928	2.62536	1.05199	4.15831	-1.27753	-0.523361	
-3.39018	0.965359	2.59279	1.03869	3.97335	-1.26017	-0.780492	
-3.46034	1.01863	2.5969	1.05555	3.84139	-1.2794	0.0333381	
-3.39286	1.02366	2.59078	1.05395	3.73126	-1.27323	-0.0320273	
-3.4152	1.02536	2.58577	1.05189	3.63887	-1.27123	-0.198743	
-3.26759	1.03045	2.57163	1.05284	3.56965	-1.26832	-0.0620117	
-3.22389	1.03225	2.5606	1.05356	3.50521	-1.25796	-0.0929342	
-2.97212	1.03249	2.5525	1.0531	3.45052	-1.26623	-0.197392	
-3.19638	1.03441	2.53422	1.05867	3.3951	-1.26274	-0.0932692	
-3.00324	1.03509	2.52256	1.05999	3.36227	-1.25996	-0.135594	
-3.14998	1.03521	2.50979	1.05766	3.31848	-1.26294	-0.113285	
-2.9913	1.03505	2.49663	1.05625	3.29159	-1.24851	0.00524911	
-3.03253	1.03316	2.47912	1.05904	3.26049	-1.25385	-0.295467	
-3.03282	1.0322	2.45784	1.0606	3.23402	-1.26398	-0.50635	
-2.96576	1.03439	2.46084	1.05682	3.21605	-1.2609	-0.15841	
-3.03593	1.03478	2.45952	1.06027	3.18934	-1.25648	-0.447798	
-2.841	1.03292	2.43919	1.05223	3.16569	-1.25466	0.412914	
-2.98441	1.03108	2.41473	1.05983	3.14855	-1.28175	-0.066953	
-2.78366	1.03017	2.39891	1.05837	3.12804	-1.29872	-0.108606	
-2.75637	1.02902	2.38231	1.06053	3.10572	-1.29018	-0.402781	
-2.95453	1.0283	2.37946	1.06256	3.08408	-1.26572	-0.00163828	
-2.91138	1.02727	2.3664	1.06038	3.07142	-1.26473	-0.044888	
-2.9566	1.0267	2.36037	1.05928	3.0564	-1.28253	0.0920879	
-2.72577	1.02273	2.32151	1.05391	3.04417	-1.29144	-0.218233	
-2.81559	1.02375	2.32917	1.06268	3.02142	-1.25788	-0.1134	
-2.7861	1.02252	2.31548	1.06231	3.00462	-1.26251	-0.116582	
-2.81323	1.02181	2.30985	1.06445	2.98954	-1.25911	0.0393196	
-2.68754	1.01971	2.28488	1.06161	2.97296	-1.25359	-0.270376	
-2.79835	1.01876	2.2776	1.06609	2.97601	-1.25448	-0.555655	
-2.68329	1.01734	2.26229	1.06148	2.9299	-1.274	0.023137	
-2.64264	1.01592	2.24927	1.06322	2.91371	-1.28373	-0.0210156	
-2.62546	1.01455	2.23684	1.0649	2.89593	-1.28143	-0.050729	
-2.6086	1.01323	2.22468	1.06591	2.87798	-1.2717	-0.0700716	
-2.50934	1.01188	2.21098	1.0679	2.86183	-1.29056	0.2434	
-2.54145	1.01057	2.20091	1.06655	2.83878	-1.28303	-0.197542	
-2.60543	1.0092	2.18865	1.07131	2.82358	-1.2763	-0.167295	
-2.58183	1.00796	2.17696	1.0705	2.80922	-1.26293	-0.148351	
-2.49662	1.00658	2.16473	1.07024	2.7942	-1.28145	-0.132727	
-2.49647	1.00516	2.15363	1.07174	2.77619	-1.27296	-0.119599	
-2.4827	1.00379	2.12901	1.07406	2.75982	-1.26702	0.0984817	
-2.51178	1.00239	2.13191	1.07624	2.7416	-1.27015	-0.224491	
-2.45374	1.00109	2.12206	1.07168	2.72872	-1.29287	-0.13771	
-2.44387	0.999471	2.10929	1.07344	2.71085	-1.27613	-0.123565	
-2.41363	0.996725	2.09091	1.07521	2.69523	-1.27225	0.0122665	
-2.40848	0.996519	2.08397	1.07596	2.67791	-1.27853	-0.308084	
-2.38071	0.995229	2.0763	1.07695	2.66136	-1.29532	-0.0777252	
-2.38591	0.993615	2.06424	1.0781	2.6448	-1.29093	-0.0795886	
-2.33331	0.991892	2.05262	1.07882	2.62939	-1.28307	-0.0820633	
-2.32976	0.990604	2.04095	1.08027	2.61232	-1.26984	-0.0826418	
-2.34542	0.986694	2.02939	1.0818	2.59599	-1.26434	-0.0853567	
-2.26891	0.977282	2.01661	1.08325	2.58269	-1.30232	0.129313	
-2.27809	0.988541	2.00794	1.08364	2.56401	-1.29567	-0.151954	
-2.27566	0.985852	1.99697	1.08441	2.54774	-1.28698	-0.127658	
-2.23865	0.983823	1.98684	1.08515	2.532	-1.28174	-0.110735	
-2.2355	0.982045	1.97572	1.08634	2.51533	-1.29071	-0.0995421	
-2.2275	0.990671	1.96888	1.0836	2.49425	-1.28655	0.0236564	
-2.19395	1.08501	1.99717	1.08702	2.46818	-1.28913	-0.301388	
-2.1802	0.95202	1.93837	1.08389	2.4652	-1.27578	-0.045014	
-2.17433	0.953367	1.92732	1.08933	2.45223	-1.27874	-0.0514513	
-2.14724	0.955812	1.91755	1.0923	2.43832	-1.28824	-0.0594198	
-2.14774	0.958332	1.90826	1.09446	2.42347	-1.29022	-0.0602392	
-2.128	0.959421	1.89899	1.09559	2.40756	-1.2833	-0.0626021	
-2.12596	0.959624	1.88962	1.09698	2.39356	-1.27067	-0.0627647	
-2.09722	0.959599	1.88032	1.09775	2.37842	-1.29635	-0.0621929	
-2.08634	0.962538	1.87166	1.09852	2.36292	-1.28868	0.146452	
-2.06628	0.960231	1.86197	1.09936	2.34936	-1.28123	-0.176141	
-2.05223	0.955878	1.8521	1.10077	2.33134	-1.26928	-0.0898089	
-2.04023	0.954983	1.84263	1.10208	2.31587	-1.27759	-0.0790944	
-2.02647	0.954252	1.83332	1.10321	2.30066	-1.27755	-0.06997	
-2.01462	0.952946	1.82396	1.10431	2.28639	-1.28375	-0.0641268	
-2.00084	0.951514	1.81463	1.10525	2.27011	-1.30233	-0.059416	
-1.98584	0.949868	1.80529	1.10631	2.25605	-1.29188	-0.0574944	
-1.97311	0.94759	1.79583	1.10767	2.23999	-1.27428	-0.052271	
-2.05452	23.9518	147.621	-34.1014	-60.6652	5.5918	47.2395	
0.115451	18.5099	115.191	-23.0533	-47.971	2.94692	34.0893	
1.22794	14.4652	89.8861	-15.6406	-37.7954	1.29087	24.6264	
1.70756	11.3768	70.0764	-10.6089	-29.6061	0.240219	18.1507	
1.82028	9.03413	54.5403	-7.1517	-22.9969	-0.415585	13.0554	
1.71543	7.22745	42.3437	-4.74603	-17.6549	-0.831547	9.85913	
1.51395	5.76025	32.7582	-3.05171	-13.3333	-1.08035	6.90368	
1.25933	4.73708	25.2307	-1.85771	-9.85144	-1.25445	5.51833	
0.988954	3.87886	19.3159	-1.00178	-7.04139	-1.36513	3.67979	
0.733584	3.19962	14.6646	-0.376601	-4.7707	-1.37801	2.89111	
0.498608	2.65896	11.0091	0.0797734	-2.94202	-1.4368	2.20744	
0.304942	2.23779	8.13364	0.419745	-1.46762	-1.43833	1.79992	
0.112929	1.89949	5.87415	0.673699	-0.283264	-1.46919	1.26655	
-0.055784	1.63034	4.10045	0.864544	0.666799	-1.50342	1.05098	
-0.19877	1.41651	2.70755	1.0106	1.42927	-1.51579	0.695512	
-0.30723	1.2389	1.61378	1.12031	2.03644	-1.50672	0.638988	
-0.410624	1.09568	0.75661	1.20589	2.52065	-1.51729	0.423462	
-0.486957	1.00015	0.0830589	1.27502	2.9078	-1.51407	0.22751	
-0.556568	0.903035	-0.441936	1.32724	3.21154	-1.57188	0.247157	
-0.610688	0.847407	-0.851815	1.36833	3.45054	-1.51029	-0.045116	
-0.656822	0.789545	-1.17141	1.40196	3.63734	-1.51761	0.0388191	
-0.696548	0.741371	-1.41867	1.42801	3.78128	-1.50415	0.024253	
-0.730222	0.704598	-1.60978	1.45041	3.8927	-1.50832	0.186766	
-0.759487	0.676215	-1.75661	1.466	3.97445	-1.52104	0.248115	
-0.774367	0.651945	-1.86969	1.48023	4.03589	-1.50336	0.00347051	
-0.793942	0.631896	-1.95353	1.4923	4.07905	-1.52571	-0.0616346	
-0.804058	0.616501	-2.01617	1.50227	4.10798	-1.51371	0.0388118	
-0.819739	0.603512	-2.06158	1.51083	4.12557	-1.51512	0.0126161	
-0.822785	0.591881	-2.09211	1.51786	4.13398	-1.50116	-0.177263	
-0.831861	0.531932	-2.11294	1.52378	4.13425	-1.48445	-0.0159337	
-0.84416	0.535372	-2.12956	1.53337	4.13366	-1.48475	-0.22638	
-0.842093	0.537999	-2.13783	1.54005	4.12651	-1.51234	-0.0394345	
-0.850706	0.539886	-2.14003	1.54503	4.11436	-1.47725	0.27967	
-0.852908	0.541109	-2.13785	1.54901	4.09927	-1.4909	0.0161291	
-0.853439	0.541848	-2.1318	1.55234	4.08073	-1.48074	-0.198869	
-0.856848	0.542163	-2.12289	1.55538	4.05969	-1.46915	0.155452	
-0.857374	0.542082	-2.11225	1.55814	4.03772	-1.49728	-0.100628	
-0.856343	0.541731	-2.0998	1.56071	4.01397	-1.45969	0.107259	
-0.853152	0.541031	-2.08661	1.56356	3.98992	-1.44909	-0.130489	
-0.864057	0.589079	-2.07052	1.56457	3.9629	-1.50182	-0.022711	
-0.851199	0.57711	-2.0531	1.56428	3.93456	-1.43869	0.119323	
-0.863007	0.567091	-2.03665	1.56611	3.9072	-1.41194	-0.0976338	
-0.860436	0.559245	-2.02075	1.56891	3.88103	-1.47207	0.206586	
-0.837193	0.552105	-2.00497	1.57144	3.85512	-1.49131	-0.130647	
-0.862672	0.548332	-1.98903	1.5747	3.82805	-1.50569	0.0271207	
-0.858542	0.541695	-1.97413	1.57836	3.80337	-1.46584	-0.223934	
-0.845377	0.54492	-1.9583	1.58123	3.77749	-1.45303	0.334432	
-0.856799	0.540558	-1.94256	1.58381	3.75153	-1.40999	0.0565192	
-0.851629	0.529254	-1.92438	1.5839	3.7235	-1.42741	-0.278456	
-0.844418	0.526365	-1.90857	1.58725	3.69762	-1.43369	0.151407	
-0.834538	0.517159	-1.89488	1.59202	3.67377	-1.45578	-0.113974	
-0.849109	0.521698	-1.87968	1.59534	3.64811	-1.42844	0.0366497	
-0.828497	0.548104	-1.85858	1.59501	3.62033	-1.44292	-0.221086	
-0.834905	0.511607	-1.84815	1.59936	3.59508	-1.42553	0.334787	
-0.860384	0.51113	-1.83326	1.60234	3.57052	-1.38627	0.0504345	
-0.853425	0.512611	-1.81761	1.60394	3.54567	-1.39941	0.297129	
-0.839687	0.513516	-1.80355	1.60748	3.52241	-1.41235	0.0126045	
-0.85145	0.507545	-1.78742	1.60891	3.49603	-1.42371	-0.24455	
-0.850867	0.505829	-1.77241	1.6114	3.47113	-1.43359	-0.109006	
-0.840094	0.503665	-1.75766	1.61385	3.44656	-1.38203	-0.119	
-0.832824	0.497457	-1.74319	1.61673	3.42199	-1.34623	0.196521	
-0.826587	0.502507	-1.72871	1.61932	3.39777	-1.35801	-0.0814575	
