-0.171759	-0.116785	-0.2232	0.669736	-0.913697	1.03003	0.383444	
-0.17234	-0.117392	-0.22387	0.67026	-0.913678	1.0299	0.383517	
-0.172919	-0.117997	-0.224542	0.670779	-0.913661	1.02978	0.383583	
-0.173496	-0.118601	-0.225214	0.671291	-0.913646	1.02966	0.383641	
-0.174073	-0.119203	-0.225887	0.671799	-0.913632	1.02954	0.383693	
-0.174647	-0.119803	-0.226561	0.672301	-0.91362	1.02942	0.383738	
-0.17522	-0.120401	-0.227236	0.672798	-0.913609	1.02931	0.383776	
-0.175792	-0.120998	-0.227912	0.673289	-0.9136	1.0292	0.383806	
-0.176361	-0.121592	-0.228589	0.673775	-0.913593	1.0291	0.38383	
-0.17693	-0.122185	-0.229266	0.674256	-0.913587	1.02899	0.383847	
-0.177496	-0.122776	-0.229944	0.674732	-0.913582	1.0289	0.383858	
-0.178062	-0.123366	-0.230623	0.675202	-0.913579	1.0288	0.383861	
-0.178625	-0.123953	-0.231303	0.675667	-0.913578	1.02871	0.383858	
-0.179186	-0.124539	-0.23198	0.676123	-0.913599	1.02862	0.383466	
-0.179727	-0.125123	-0.232635	0.676561	-0.913748	1.02853	0.382754	
-0.180256	-0.125706	-0.233276	0.676983	-0.913988	1.02844	0.381834	
-0.180775	-0.126286	-0.233908	0.677391	-0.914289	1.02835	0.380775	
-0.181288	-0.126863	-0.234534	0.677786	-0.914634	1.02827	0.379623	
-0.181796	-0.127438	-0.235157	0.67817	-0.915011	1.02819	0.378408	
-0.182301	-0.12801	-0.235778	0.678543	-0.915409	1.02813	0.37715	
-0.182802	-0.128579	-0.236398	0.678906	-0.915824	1.02806	0.375862	
-0.183301	-0.129146	-0.237019	0.679261	-0.91625	1.028	0.374555	
-0.183798	-0.129711	-0.237639	0.679608	-0.916685	1.02795	0.373233	
-0.184293	-0.130273	-0.23826	0.679948	-0.917126	1.0279	0.371901	
-0.184785	-0.130833	-0.238883	0.680282	-0.917572	1.02785	0.370562	
-0.185276	-0.131391	-0.239506	0.680608	-0.918021	1.02781	0.369219	
-0.185766	-0.131948	-0.24013	0.68093	-0.918473	1.02777	0.367871	
-0.186254	-0.132502	-0.240755	0.681245	-0.918927	1.02774	0.366521	
-0.18674	-0.133055	-0.241382	0.681555	-0.919382	1.02771	0.365169	
-0.187224	-0.133605	-0.242009	0.68186	-0.919839	1.02768	0.363816	
-0.187707	-0.134154	-0.242638	0.682161	-0.920296	1.02765	0.362461	
-0.188189	-0.134702	-0.243268	0.682456	-0.920754	1.02763	0.361105	
-0.188669	-0.135247	-0.243899	0.682748	-0.921213	1.02761	0.359749	
-0.189147	-0.135792	-0.244531	0.683034	-0.921673	1.02759	0.358392	
-0.189624	-0.136334	-0.245165	0.683317	-0.922132	1.02758	0.357034	
-0.1901	-0.136875	-0.245799	0.683595	-0.922592	1.02756	0.355676	
-0.190574	-0.137415	-0.246434	0.683869	-0.923053	1.02755	0.354318	
-0.191046	-0.137953	-0.247071	0.68414	-0.923513	1.02754	0.352959	
-0.191518	-0.138489	-0.247708	0.684406	-0.923973	1.02754	0.3516	
-0.191987	-0.139025	-0.248347	0.684669	-0.924434	1.02753	0.350241	
-0.192455	-0.139558	-0.248986	0.684928	-0.924894	1.02753	0.348881	
-0.192922	-0.140091	-0.249627	0.685183	-0.925355	1.02753	0.347522	
-0.19339	-0.140573	-0.250388	0.685262	-0.92574	1.02807	0.346129	
-0.193858	-0.141008	-0.251256	0.685165	-0.926079	1.02912	0.344691	
-0.194224	-0.141217	-0.252399	0.684306	-0.926685	1.03127	0.342811	
-0.194555	-0.141296	-0.253707	0.682988	-0.92742	1.03417	0.340703	
-0.194877	-0.141298	-0.255114	0.68139	-0.928219	1.03759	0.338471	
-0.195201	-0.141253	-0.256581	0.679615	-0.929052	1.04135	0.336173	
-0.195513	-0.140992	-0.258259	0.677345	-0.92981	1.04574	0.333751	
-0.195827	-0.14057	-0.260087	0.674718	-0.930494	1.05058	0.331253	
-0.196145	-0.140024	-0.262024	0.671828	-0.931114	1.05575	0.328708	
-0.196469	-0.139386	-0.264043	0.668743	-0.931681	1.06115	0.326131	
-0.196798	-0.138675	-0.266124	0.665512	-0.932205	1.06672	0.323534	
-0.19713	-0.13791	-0.268251	0.662172	-0.932694	1.07242	0.320922	
-0.197465	-0.137103	-0.270413	0.65875	-0.933155	1.07821	0.318303	
-0.197802	-0.136263	-0.272602	0.655267	-0.933592	1.08406	0.315677	
-0.19814	-0.1354	-0.274813	0.65174	-0.93401	1.08995	0.31305	
-0.198477	-0.134519	-0.27704	0.648181	-0.93441	1.09586	0.310421	
-0.198815	-0.133623	-0.27928	0.6446	-0.934797	1.10179	0.307794	
-0.199152	-0.132718	-0.28153	0.641003	-0.93517	1.10772	0.305168	
-0.199489	-0.131806	-0.283788	0.637396	-0.935531	1.11365	0.302545	
-0.199825	-0.130889	-0.286052	0.633785	-0.935882	1.11958	0.299925	
-0.200159	-0.129968	-0.288322	0.630171	-0.936223	1.12549	0.297309	
-0.200493	-0.129046	-0.290597	0.626557	-0.936554	1.13139	0.294697	
-0.200825	-0.128122	-0.292876	0.622947	-0.936876	1.13728	0.29209	
-0.201155	-0.127199	-0.295158	0.61934	-0.93719	1.14315	0.289487	
-0.201485	-0.126276	-0.297443	0.615738	-0.937495	1.149	0.286888	
-0.201813	-0.125353	-0.29973	0.612143	-0.937792	1.15483	0.284294	
-0.202139	-0.124433	-0.30202	0.608554	-0.93808	1.16064	0.281706	
-0.202465	-0.123513	-0.304313	0.604973	-0.938361	1.16643	0.279122	
-0.202788	-0.122596	-0.306608	0.6014	-0.938633	1.17219	0.276543	
-0.20311	-0.121681	-0.308904	0.597835	-0.938898	1.17794	0.273969	
-0.203431	-0.120768	-0.311203	0.594279	-0.939155	1.18367	0.2714	
-0.20375	-0.119858	-0.313504	0.590731	-0.939405	1.18937	0.268836	
-0.204068	-0.11895	-0.315807	0.587192	-0.939646	1.19505	0.266277	
-0.204384	-0.118044	-0.318112	0.583662	-0.93988	1.20071	0.263723	
-0.204699	-0.117141	-0.320419	0.580141	-0.940106	1.20635	0.261174	
-0.205012	-0.116241	-0.322728	0.57663	-0.940325	1.21196	0.258631	
-0.205324	-0.115343	-0.325039	0.573128	-0.940536	1.21755	0.256092	
-0.205635	-0.114448	-0.327352	0.569635	-0.940739	1.22312	0.253558	
-0.205944	-0.113556	-0.329667	0.566152	-0.940935	1.22867	0.251029	
-0.206251	-0.112666	-0.331984	0.562678	-0.941123	1.23419	0.248505	
-0.206557	-0.11178	-0.334303	0.559214	-0.941304	1.2397	0.245986	
-0.206862	-0.110896	-0.336625	0.555759	-0.941477	1.24518	0.243472	
-0.207165	-0.110015	-0.338948	0.552314	-0.941643	1.25064	0.240963	
-0.207466	-0.109137	-0.341273	0.548879	-0.941801	1.25607	0.238459	
-0.207767	-0.108262	-0.343601	0.545453	-0.941952	1.26149	0.23596	
-0.208065	-0.10739	-0.34593	0.542037	-0.942096	1.26688	0.233466	
-0.208363	-0.10652	-0.348262	0.538631	-0.942232	1.27225	0.230976	
-0.208659	-0.105654	-0.350596	0.535234	-0.942361	1.27759	0.228492	
-0.208953	-0.104791	-0.352932	0.531847	-0.942483	1.28292	0.226012	
-0.209246	-0.10393	-0.35527	0.52847	-0.942597	1.28822	0.223537	
-0.209538	-0.103073	-0.35761	0.525103	-0.942704	1.2935	0.221067	
-0.209829	-0.102219	-0.359952	0.521746	-0.942803	1.29876	0.218602	
-0.210118	-0.101367	-0.362297	0.518399	-0.942896	1.304	0.216142	
-0.210405	-0.100519	-0.364644	0.515061	-0.942981	1.30921	0.213686	
-0.210692	-0.0996736	-0.366992	0.511734	-0.943059	1.31441	0.211236	
-0.210977	-0.0988314	-0.369343	0.508416	-0.943131	1.31958	0.20879	
-0.21126	-0.0979923	-0.371697	0.505109	-0.943194	1.32473	0.206348	
-0.211543	-0.0971563	-0.374052	0.501811	-0.943251	1.32985	0.203912	
-0.211824	-0.0963234	-0.376409	0.498524	-0.943301	1.33496	0.20148	
-0.212103	-0.0954937	-0.378769	0.495247	-0.943344	1.34004	0.199053	
-0.212382	-0.0946671	-0.381131	0.491979	-0.94338	1.3451	0.196631	
-0.212659	-0.0938437	-0.383494	0.488722	-0.94341	1.35014	0.194213	
-0.212935	-0.0930235	-0.38586	0.485475	-0.943432	1.35516	0.1918	
-0.21321	-0.0922064	-0.388228	0.482239	-0.943448	1.36015	0.189392	
-0.213483	-0.0913926	-0.390598	0.479012	-0.943456	1.36513	0.186988	
-0.213755	-0.0905821	-0.39297	0.475796	-0.943459	1.37008	0.184589	
-0.214026	-0.0897747	-0.395344	0.47259	-0.943454	1.37501	0.182195	
-0.21431	-0.0889672	-0.397759	0.469397	-0.943332	1.37993	0.179838	
-0.214602	-0.0881601	-0.400206	0.466217	-0.943118	1.38484	0.177509	
-0.214898	-0.0873549	-0.40268	0.463048	-0.942834	1.38974	0.175202	
-0.215198	-0.086551	-0.405174	0.45989	-0.942495	1.39461	0.172911	
-0.2155	-0.0857489	-0.407685	0.456743	-0.942112	1.39948	0.170633	
-0.215803	-0.0849488	-0.41021	0.453607	-0.941694	1.40432	0.168364	
-0.216106	-0.084151	-0.412746	0.450481	-0.941248	1.40914	0.166103	
-0.216409	-0.0833557	-0.415292	0.447365	-0.940779	1.41395	0.163849	
-0.216712	-0.0825632	-0.417847	0.44426	-0.940291	1.41873	0.1616	
-0.217014	-0.0817735	-0.420408	0.441165	-0.939786	1.42349	0.159356	
-0.217315	-0.0809867	-0.422976	0.43808	-0.939268	1.42824	0.157117	
-0.217616	-0.080203	-0.42555	0.435006	-0.938737	1.43296	0.154882	
-0.217915	-0.0794225	-0.428129	0.431942	-0.938195	1.43766	0.15265	
-0.218214	-0.0786451	-0.430713	0.428888	-0.937643	1.44234	0.150421	
-0.218511	-0.0778711	-0.433302	0.425845	-0.937081	1.447	0.148196	
-0.218808	-0.0771003	-0.435894	0.422813	-0.936511	1.45164	0.145974	
-0.219103	-0.0763328	-0.438491	0.419791	-0.935932	1.45626	0.143756	
-0.219398	-0.0755688	-0.441092	0.416779	-0.935346	1.46085	0.14154	
-0.219691	-0.0748082	-0.443697	0.413778	-0.934752	1.46543	0.139327	
-0.219983	-0.074051	-0.446305	0.410788	-0.93415	1.46998	0.137118	
-0.220275	-0.0732973	-0.448917	0.407809	-0.933542	1.47452	0.134911	
-0.220565	-0.0725472	-0.451532	0.40484	-0.932926	1.47903	0.132707	
-0.220854	-0.0718005	-0.454151	0.401882	-0.932304	1.48352	0.130506	
-0.221142	-0.0710574	-0.456773	0.398935	-0.931675	1.48799	0.128309	
-0.22143	-0.0703179	-0.459398	0.395998	-0.93104	1.49244	0.126114	
-0.221716	-0.069582	-0.462027	0.393073	-0.930398	1.49687	0.123922	
-0.222001	-0.0688498	-0.464658	0.390158	-0.92975	1.50127	0.121732	
-0.222286	-0.0681211	-0.467292	0.387254	-0.929096	1.50566	0.119546	
-0.222569	-0.0673962	-0.469929	0.384361	-0.928436	1.51002	0.117363	
-0.222852	-0.0666749	-0.472569	0.381479	-0.927769	1.51437	0.115182	
-0.223133	-0.0659573	-0.475212	0.378608	-0.927098	1.51869	0.113004	
-0.223414	-0.0652435	-0.477856	0.375748	-0.92642	1.52299	0.11083	
-0.223694	-0.0645334	-0.480504	0.372899	-0.925737	1.52728	0.108658	
-0.223974	-0.0638271	-0.483154	0.370061	-0.925048	1.53154	0.106489	
-0.224252	-0.0631246	-0.485805	0.367234	-0.924354	1.53578	0.104322	
-0.224529	-0.0624259	-0.488459	0.364419	-0.923655	1.54	0.102159	
-0.224806	-0.061731	-0.491115	0.361614	-0.922951	1.5442	0.0999983	
-0.225082	-0.06104	-0.493773	0.358821	-0.922242	1.54837	0.0978407	
-0.225358	-0.0603529	-0.496433	0.356039	-0.921528	1.55253	0.0956858	
-0.225632	-0.0596696	-0.499094	0.353268	-0.920809	1.55667	0.0935338	
-0.225906	-0.0589902	-0.501756	0.350508	-0.920086	1.56079	0.0913847	
-0.226179	-0.0583148	-0.50442	0.347759	-0.919359	1.56488	0.0892383	
-0.226452	-0.0576433	-0.507085	0.345022	-0.918627	1.56896	0.0870949	
-0.226724	-0.0569757	-0.509751	0.342296	-0.917891	1.57301	0.0849542	
-0.226995	-0.0563121	-0.512418	0.339582	-0.917152	1.57705	0.0828164	
-0.227266	-0.0556526	-0.515086	0.336878	-0.916408	1.58106	0.0806815	
-0.227536	-0.054997	-0.517754	0.334186	-0.915661	1.58506	0.0785494	
-0.227805	-0.0543454	-0.520423	0.331506	-0.91491	1.58903	0.0764201	
-0.228074	-0.0536979	-0.523092	0.328837	-0.914156	1.59298	0.0742937	
-0.228343	-0.0530545	-0.525761	0.326179	-0.913399	1.59692	0.0721701	
-0.228611	-0.0524151	-0.52843	0.323532	-0.912639	1.60083	0.0700493	
-0.228878	-0.0517798	-0.531099	0.320897	-0.911876	1.60472	0.0679314	
-0.229145	-0.0511486	-0.533767	0.318274	-0.911111	1.6086	0.0658163	
-0.229411	-0.0505216	-0.536435	0.315662	-0.910343	1.61245	0.0637041	
-0.229678	-0.0498986	-0.539102	0.313061	-0.909572	1.61628	0.0615947	
-0.229943	-0.0492798	-0.541769	0.310472	-0.9088	1.6201	0.0594882	
-0.230208	-0.0486652	-0.544434	0.307895	-0.908026	1.62389	0.0573845	
-0.230473	-0.0480547	-0.547097	0.305328	-0.90725	1.62767	0.0552837	
-0.230738	-0.0474483	-0.54976	0.302774	-0.906472	1.63142	0.0531857	
-0.231002	-0.0468462	-0.55242	0.300231	-0.905693	1.63515	0.0510906	
-0.231266	-0.0462483	-0.555079	0.297699	-0.904913	1.63887	0.0489983	
-0.231529	-0.0456546	-0.557735	0.295179	-0.904131	1.64256	0.0469089	
-0.231793	-0.045065	-0.56039	0.29267	-0.903349	1.64624	0.0448224	
-0.232056	-0.0444798	-0.563042	0.290173	-0.902567	1.6499	0.0427387	
-0.232318	-0.0438987	-0.565691	0.287687	-0.901783	1.65353	0.0406579	
-0.232581	-0.0433219	-0.568337	0.285213	-0.901	1.65715	0.0385801	
-0.232843	-0.0427493	-0.570981	0.28275	-0.900217	1.66075	0.036505	
-0.233105	-0.0421809	-0.573621	0.280299	-0.899433	1.66433	0.0344329	
-0.233366	-0.0416169	-0.576257	0.277859	-0.89865	1.66789	0.0323637	
-0.233628	-0.041057	-0.57889	0.27543	-0.897868	1.67143	0.0302974	
-0.233889	-0.0405015	-0.581519	0.273014	-0.897086	1.67495	0.028234	
-0.234151	-0.0399502	-0.584144	0.270608	-0.896305	1.67845	0.0261735	
-0.234412	-0.0394031	-0.586764	0.268214	-0.895526	1.68194	0.0241159	
-0.234672	-0.0388603	-0.589381	0.265831	-0.894748	1.6854	0.0220612	
-0.234933	-0.0383218	-0.591992	0.26346	-0.893971	1.68885	0.0200095	
-0.235194	-0.0377876	-0.594598	0.2611	-0.893196	1.69228	0.0179606	
-0.235454	-0.0372576	-0.5972	0.258751	-0.892423	1.69568	0.0159148	
-0.235715	-0.0367319	-0.599795	0.256414	-0.891652	1.69907	0.0138718	
-0.235975	-0.0362104	-0.602386	0.254088	-0.890883	1.70245	0.0118318	
-0.236235	-0.0356932	-0.604971	0.251773	-0.890117	1.7058	0.00979478	
-0.236495	-0.0351802	-0.607549	0.24947	-0.889353	1.70913	0.0077607	
-0.236755	-0.0346715	-0.610122	0.247177	-0.888593	1.71245	0.00572959	
-0.237015	-0.034167	-0.612688	0.244896	-0.887835	1.71575	0.00370145	
-0.237275	-0.0336668	-0.615247	0.242626	-0.887081	1.71903	0.0016763	
-0.237535	-0.0331708	-0.6178	0.240367	-0.88633	1.72229	-0.00034587	
-0.237794	-0.0326789	-0.620346	0.23812	-0.885583	1.72554	-0.00236504	
-0.238054	-0.0321913	-0.622885	0.235883	-0.88484	1.72876	-0.00438121	
-0.238314	-0.0317079	-0.625416	0.233657	-0.8841	1.73197	-0.00639437	
-0.238573	-0.0312286	-0.62794	0.231442	-0.883365	1.73516	-0.00840452	
-0.238833	-0.0307536	-0.630456	0.229239	-0.882634	1.73834	-0.0104116	
-0.239092	-0.0302826	-0.632964	0.227046	-0.881908	1.74149	-0.0124157	
-0.239351	-0.0298159	-0.635464	0.224863	-0.881187	1.74463	-0.0144168	
-0.239611	-0.0293532	-0.637955	0.222692	-0.88047	1.74775	-0.0164148	
-0.23987	-0.0288947	-0.640438	0.220532	-0.879759	1.75086	-0.0184098	
-0.240129	-0.0284402	-0.642913	0.218382	-0.879052	1.75394	-0.0204017	
-0.240389	-0.0279899	-0.645378	0.216242	-0.878351	1.75701	-0.0223906	
-0.240648	-0.0275436	-0.647835	0.214114	-0.877656	1.76007	-0.0243764	
-0.240907	-0.0271013	-0.650282	0.211996	-0.876966	1.7631	-0.0263591	
-0.241166	-0.026663	-0.65272	0.209888	-0.876283	1.76612	-0.0283387	
-0.241425	-0.0262288	-0.655149	0.207791	-0.875605	1.76912	-0.0303152	
-0.241684	-0.0257986	-0.657568	0.205704	-0.874933	1.77211	-0.0322887	
-0.241943	-0.0253723	-0.659977	0.203628	-0.874268	1.77508	-0.034259	
-0.242201	-0.0249499	-0.662376	0.201562	-0.873609	1.77803	-0.0362262	
-0.24246	-0.0245315	-0.664765	0.199506	-0.872957	1.78097	-0.0381904	
-0.242718	-0.0241169	-0.667143	0.19746	-0.872312	1.78389	-0.0401513	
-0.242977	-0.0237063	-0.669511	0.195424	-0.871673	1.78679	-0.0421092	
-0.243235	-0.0232995	-0.671869	0.193399	-0.871041	1.78968	-0.0440639	
-0.243493	-0.0228965	-0.674216	0.191383	-0.870417	1.79255	-0.0460155	
-0.243751	-0.0224973	-0.676552	0.189378	-0.8698	1.79541	-0.047964	
-0.244009	-0.0221018	-0.678877	0.187382	-0.86919	1.79825	-0.0499093	
-0.244267	-0.0217101	-0.681191	0.185396	-0.868587	1.80107	-0.0518514	
-0.244525	-0.0213221	-0.683494	0.183419	-0.867993	1.80388	-0.0537904	
-0.244782	-0.0209379	-0.685785	0.181453	-0.867406	1.80667	-0.0557262	
-0.245039	-0.0205572	-0.688065	0.179496	-0.866826	1.80945	-0.0576588	
-0.245296	-0.0201802	-0.690334	0.177548	-0.866255	1.81222	-0.0595883	
-0.245553	-0.0198068	-0.69259	0.17561	-0.865691	1.81496	-0.0615146	
-0.24581	-0.019437	-0.694836	0.173682	-0.865136	1.8177	-0.0634376	
-0.246066	-0.0190707	-0.697069	0.171762	-0.864589	1.82041	-0.0653575	
-0.246322	-0.0187079	-0.69929	0.169852	-0.86405	1.82311	-0.0672742	
-0.246578	-0.0183486	-0.701499	0.167952	-0.863519	1.8258	-0.0691877	
-0.246834	-0.0179927	-0.703697	0.16606	-0.862997	1.82848	-0.071098	
-0.247089	-0.0176403	-0.705882	0.164177	-0.862484	1.83113	-0.0730051	
-0.247344	-0.0172912	-0.708054	0.162304	-0.861978	1.83378	-0.0749089	
-0.247599	-0.0169455	-0.710215	0.160439	-0.861482	1.83641	-0.0768096	
-0.247853	-0.0166032	-0.712363	0.158583	-0.860994	1.83902	-0.078707	
-0.248107	-0.0162641	-0.714498	0.156736	-0.860515	1.84162	-0.0806012	
-0.24836	-0.0159282	-0.716621	0.154897	-0.860045	1.84421	-0.0824922	
-0.248613	-0.0155956	-0.718732	0.153068	-0.859583	1.84678	-0.0843799	
-0.248866	-0.0152662	-0.72083	0.151246	-0.859131	1.84934	-0.0862644	
-0.249119	-0.0149399	-0.722915	0.149434	-0.858687	1.85188	-0.0881457	
-0.24937	-0.0146167	-0.724987	0.14763	-0.858253	1.85441	-0.0900237	
-0.249622	-0.0142966	-0.727047	0.145834	-0.857827	1.85693	-0.0918985	
-0.249873	-0.0139796	-0.729093	0.144046	-0.857411	1.85944	-0.0937701	
-0.250123	-0.0136655	-0.731127	0.142267	-0.857003	1.86192	-0.0956384	
-0.250373	-0.0133545	-0.733149	0.140495	-0.856605	1.8644	-0.0975034	
-0.250623	-0.0130464	-0.735157	0.138732	-0.856216	1.86686	-0.0993652	
-0.250871	-0.0127412	-0.737152	0.136977	-0.855836	1.86931	-0.101224	
-0.25112	-0.0124389	-0.739134	0.13523	-0.855465	1.87175	-0.103079	
-0.251367	-0.0121394	-0.741104	0.133491	-0.855104	1.87417	-0.104931	
-0.251614	-0.0118428	-0.74306	0.131759	-0.854752	1.87659	-0.10678	
-0.251861	-0.0115489	-0.745003	0.130035	-0.854409	1.87898	-0.108625	
-0.252107	-0.0112577	-0.746934	0.128319	-0.854075	1.88137	-0.110468	
-0.252352	-0.0109693	-0.748851	0.126611	-0.85375	1.88374	-0.112307	
-0.252597	-0.0106835	-0.750755	0.12491	-0.853435	1.8861	-0.114143	
-0.25284	-0.0104003	-0.752646	0.123216	-0.853129	1.88845	-0.115975	
-0.253084	-0.0101198	-0.754525	0.12153	-0.852832	1.89078	-0.117804	
-0.253326	-0.00984175	-0.75639	0.119851	-0.852545	1.8931	-0.11963	
-0.253568	-0.00956628	-0.758242	0.118179	-0.852266	1.89541	-0.121453	
-0.253809	-0.0092933	-0.760081	0.116515	-0.851997	1.89771	-0.123273	
-0.254049	-0.00902278	-0.761907	0.114858	-0.851737	1.9	-0.125089	
-0.254288	-0.00875468	-0.76372	0.113208	-0.851487	1.90227	-0.126902	
-0.254527	-0.00848897	-0.765521	0.111564	-0.851245	1.90453	-0.128712	
-0.254764	-0.00822561	-0.767308	0.109928	-0.851013	1.90678	-0.130518	
-0.255001	-0.00796457	-0.769082	0.108299	-0.85079	1.90902	-0.132321	
-0.255237	-0.00770581	-0.770844	0.106676	-0.850576	1.91124	-0.134121	
-0.255472	-0.0074493	-0.772592	0.10506	-0.850371	1.91346	-0.135918	
-0.255707	-0.00719501	-0.774328	0.103451	-0.850175	1.91566	-0.137712	
-0.25594	-0.0069429	-0.776051	0.101848	-0.849988	1.91785	-0.139502	
-0.256173	-0.00669294	-0.777761	0.100252	-0.84981	1.92003	-0.141289	
-0.256404	-0.00644509	-0.779458	0.0986625	-0.849642	1.9222	-0.143073	
-0.256635	-0.00619934	-0.781143	0.0970793	-0.849482	1.92436	-0.144853	
-0.256864	-0.00595564	-0.782814	0.0955025	-0.849331	1.9265	-0.146631	
-0.257093	-0.00571394	-0.784473	0.093932	-0.849189	1.92864	-0.148405	
-0.25732	-0.00547423	-0.78612	0.0923677	-0.849056	1.93076	-0.150176	
-0.257547	-0.00523647	-0.787754	0.0908097	-0.848932	1.93288	-0.151944	
-0.257773	-0.00500062	-0.789375	0.0892577	-0.848816	1.93498	-0.153708	
-0.257997	-0.00476665	-0.790984	0.0877118	-0.84871	1.93707	-0.155469	
-0.258221	-0.0045345	-0.79258	0.0861719	-0.848612	1.93915	-0.157227	
-0.258443	-0.00430419	-0.794164	0.084638	-0.848522	1.94122	-0.158982	
-0.258664	-0.00407566	-0.795735	0.08311	-0.848442	1.94328	-0.160734	
-0.258885	-0.00384889	-0.797295	0.0815878	-0.848369	1.94532	-0.162482	
-0.259104	-0.00362385	-0.798841	0.0800713	-0.848306	1.94736	-0.164228	
-0.259322	-0.00340051	-0.800376	0.0785607	-0.848251	1.94939	-0.16597	
-0.259539	-0.00317883	-0.801898	0.0770557	-0.848204	1.95141	-0.167709	
-0.259754	-0.00295879	-0.803408	0.0755563	-0.848166	1.95341	-0.169445	
-0.259969	-0.00274034	-0.804906	0.0740624	-0.848136	1.95541	-0.171177	
-0.260182	-0.00252347	-0.806392	0.0725741	-0.848114	1.95739	-0.172907	
-0.260395	-0.00230814	-0.807866	0.0710913	-0.848101	1.95937	-0.174633	
-0.260606	-0.00209432	-0.809328	0.0696138	-0.848096	1.96133	-0.176356	
-0.260816	-0.00188199	-0.810778	0.0681417	-0.848099	1.96329	-0.178076	
-0.261023	-0.00167251	-0.812078	0.0666719	-0.848293	1.96523	-0.179784	
-0.261221	-0.0014649	-0.813298	0.0652045	-0.848601	1.96717	-0.181483	
-0.261409	-0.00125869	-0.814474	0.0637399	-0.848979	1.96909	-0.183175	
-0.261588	-0.00105365	-0.815622	0.0622786	-0.849402	1.971	-0.184861	
-0.26176	-0.000849677	-0.816752	0.0608209	-0.849854	1.97291	-0.186542	
-0.261928	-0.000646705	-0.817868	0.0593671	-0.850327	1.9748	-0.188218	
-0.262092	-0.000444701	-0.818972	0.0579175	-0.850814	1.97669	-0.18989	
-0.262253	-0.00024364	-0.820065	0.056472	-0.851313	1.97857	-0.191559	
-0.262412	-4.34969e-05	-0.821148	0.0550309	-0.851821	1.98044	-0.193223	
-0.262569	0.00015575	-0.822221	0.0535941	-0.852337	1.98229	-0.194884	
-0.262724	0.00035412	-0.823284	0.0521616	-0.85286	1.98415	-0.196541	
-0.262878	0.000551633	-0.824338	0.0507335	-0.853388	1.98599	-0.198196	
-0.263031	0.000748316	-0.825382	0.0493097	-0.853923	1.98782	-0.199846	
-0.263182	0.000944193	-0.826417	0.0478903	-0.854462	1.98964	-0.201493	
-0.263332	0.00113929	-0.827443	0.0464751	-0.855007	1.99146	-0.203137	
-0.263481	0.00133362	-0.828459	0.0450642	-0.855557	1.99327	-0.204778	
-0.263629	0.0015272	-0.829466	0.0436575	-0.856111	1.99506	-0.206416	
-0.263775	0.00172007	-0.830464	0.042255	-0.856671	1.99685	-0.20805	
-0.263921	0.00191225	-0.831452	0.0408567	-0.857235	1.99863	-0.209681	
-0.264065	0.00210375	-0.832432	0.0394624	-0.857804	2.0004	-0.211308	
-0.264207	0.00229459	-0.833402	0.0380723	-0.858377	2.00217	-0.212933	
-0.264349	0.00248481	-0.834363	0.0366862	-0.858955	2.00392	-0.214554	
-0.264489	0.00267441	-0.835315	0.0353042	-0.859537	2.00567	-0.216172	
-0.264629	0.00286342	-0.836258	0.0339261	-0.860124	2.00741	-0.217787	
-0.264766	0.00305186	-0.837192	0.032552	-0.860715	2.00914	-0.219398	
-0.264903	0.00323976	-0.838117	0.0311818	-0.861311	2.01086	-0.221007	
-0.265039	0.00342712	-0.839033	0.0298154	-0.861911	2.01257	-0.222612	
-0.265173	0.00361398	-0.83994	0.028453	-0.862515	2.01428	-0.224214	
-0.265306	0.00380035	-0.840838	0.0270943	-0.863124	2.01598	-0.225813	
-0.265438	0.00398626	-0.841727	0.0257394	-0.863737	2.01766	-0.227409	
-0.265568	0.00417171	-0.842608	0.0243883	-0.864354	2.01935	-0.229002	
-0.265697	0.00435674	-0.843479	0.0230409	-0.864975	2.02102	-0.230591	
-0.265825	0.00454136	-0.844342	0.0216972	-0.865601	2.02268	-0.232178	
-0.265952	0.0047256	-0.845197	0.0203571	-0.86623	2.02434	-0.233761	
-0.266078	0.00490946	-0.846042	0.0190206	-0.866864	2.02599	-0.235341	
-0.266202	0.00509297	-0.846879	0.0176878	-0.867502	2.02763	-0.236919	
-0.266325	0.00527615	-0.847708	0.0163585	-0.868144	2.02926	-0.238493	
-0.266447	0.00545902	-0.848528	0.0150327	-0.868789	2.03089	-0.240064	
-0.266567	0.00564159	-0.849339	0.0137105	-0.869439	2.0325	-0.241632	
-0.266687	0.00582389	-0.850141	0.0123917	-0.870093	2.03411	-0.243197	
-0.266805	0.00600593	-0.850936	0.0110763	-0.87075	2.03571	-0.244759	
-0.266922	0.00618773	-0.851722	0.00976436	-0.871412	2.03731	-0.246318	
-0.267037	0.0063693	-0.852499	0.0084558	-0.872077	2.03889	-0.247874	
-0.267152	0.00655067	-0.853268	0.00715058	-0.872746	2.04047	-0.249427	
-0.267265	0.00673186	-0.854029	0.00584869	-0.873419	2.04204	-0.250977	
-0.267377	0.00691287	-0.854781	0.0045501	-0.874095	2.0436	-0.252524	
-0.267487	0.00709373	-0.855526	0.00325477	-0.874776	2.04516	-0.254069	
-0.267597	0.00727446	-0.856261	0.00196268	-0.87546	2.0467	-0.25561	
-0.267705	0.00745507	-0.856989	0.000673799	-0.876147	2.04824	-0.257148	
-0.267812	0.00763558	-0.857709	-0.000611898	-0.876839	2.04978	-0.258683	
-0.267918	0.00781601	-0.85842	-0.00189444	-0.877534	2.0513	-0.260216	
-0.268022	0.00799637	-0.859124	-0.00317385	-0.878232	2.05282	-0.261745	
-0.268125	0.00817669	-0.859819	-0.00445017	-0.878934	2.05433	-0.263272	
-0.268227	0.00835697	-0.860506	-0.00572341	-0.879639	2.05583	-0.264795	
-0.268328	0.00853723	-0.861185	-0.0069936	-0.880348	2.05732	-0.266316	
-0.268428	0.0087175	-0.861856	-0.00826077	-0.88106	2.05881	-0.267834	
-0.268526	0.00889778	-0.86252	-0.00952495	-0.881776	2.06029	-0.269349	
-0.268623	0.00907809	-0.863175	-0.0107862	-0.882495	2.06176	-0.270861	
-0.268719	0.00925845	-0.863823	-0.0120444	-0.883218	2.06323	-0.27237	
-0.268814	0.00943888	-0.864462	-0.0132998	-0.883943	2.06469	-0.273877	
-0.268907	0.00961938	-0.865094	-0.0145522	-0.884672	2.06614	-0.27538	
-0.269	0.00979999	-0.865718	-0.0158018	-0.885405	2.06758	-0.276881	
-0.269091	0.0099807	-0.866334	-0.0170486	-0.88614	2.06902	-0.278379	
-0.269181	0.0101615	-0.866943	-0.0182925	-0.886879	2.07045	-0.279874	
-0.269269	0.0103425	-0.867544	-0.0195336	-0.88762	2.07187	-0.281367	
-0.269357	0.0105236	-0.868137	-0.020772	-0.888365	2.07329	-0.282856	
-0.269443	0.0107049	-0.868722	-0.0220076	-0.889113	2.07469	-0.284343	
-0.269528	0.0108864	-0.8693	-0.0232405	-0.889865	2.0761	-0.285827	
-0.269612	0.0110681	-0.86987	-0.0244707	-0.890619	2.07749	-0.287309	
-0.269695	0.01125	-0.870433	-0.0256982	-0.891376	2.07888	-0.288787	
-0.269777	0.0114322	-0.870988	-0.0269231	-0.892136	2.08026	-0.290263	
-0.269857	0.0116146	-0.871536	-0.0281454	-0.892899	2.08163	-0.291736	
-0.269936	0.0117972	-0.872076	-0.029365	-0.893665	2.08299	-0.293207	
-0.270014	0.0119801	-0.872609	-0.0305821	-0.894434	2.08435	-0.294674	
-0.270091	0.0121633	-0.873134	-0.0317966	-0.895206	2.08571	-0.296139	
-0.270167	0.0123469	-0.873652	-0.0330086	-0.89598	2.08705	-0.297602	
-0.270242	0.0125307	-0.874163	-0.034218	-0.896758	2.08839	-0.299061	
-0.270315	0.0127148	-0.874666	-0.035425	-0.897538	2.08972	-0.300518	
-0.270388	0.0128993	-0.875162	-0.0366295	-0.898321	2.09104	-0.301973	
-0.270459	0.0130842	-0.875651	-0.0378315	-0.899107	2.09236	-0.303424	
-0.270529	0.0132694	-0.876133	-0.0390312	-0.899895	2.09367	-0.304873	
-0.270598	0.013455	-0.876607	-0.0402284	-0.900686	2.09498	-0.30632	
-0.270666	0.013641	-0.877074	-0.0414232	-0.90148	2.09627	-0.307763	
-0.270732	0.0138274	-0.877534	-0.0426157	-0.902276	2.09756	-0.309205	
-0.270798	0.0140143	-0.877986	-0.0438059	-0.903075	2.09885	-0.310643	
-0.270863	0.0142015	-0.878432	-0.0449937	-0.903877	2.10013	-0.312079	
-0.270926	0.0143892	-0.878871	-0.0461792	-0.904681	2.1014	-0.313512	
-0.270988	0.0145774	-0.879302	-0.0473625	-0.905488	2.10266	-0.314943	
-0.27105	0.0147661	-0.879727	-0.0485435	-0.906296	2.10392	-0.316371	
-0.27111	0.0149552	-0.880144	-0.0497222	-0.907108	2.10517	-0.317797	
-0.271169	0.0151449	-0.880555	-0.0508988	-0.907922	2.10641	-0.31922	
-0.271227	0.0153351	-0.880958	-0.0520731	-0.908738	2.10765	-0.32064	
-0.271284	0.0155257	-0.881355	-0.0532453	-0.909557	2.10888	-0.322058	
-0.27134	0.015717	-0.881744	-0.0544153	-0.910378	2.1101	-0.323474	
-0.271394	0.0159087	-0.882127	-0.0555832	-0.911201	2.11132	-0.324887	
-0.271448	0.0161011	-0.882503	-0.0567489	-0.912027	2.11253	-0.326297	
-0.271501	0.016294	-0.882872	-0.0579126	-0.912855	2.11374	-0.327705	
-0.271553	0.0164874	-0.883234	-0.0590742	-0.913685	2.11494	-0.32911	
-0.271603	0.0166815	-0.88359	-0.0602337	-0.914517	2.11613	-0.330513	
-0.271653	0.0168762	-0.883938	-0.0613912	-0.915352	2.11731	-0.331914	
-0.271701	0.0170715	-0.88428	-0.0625466	-0.916189	2.11849	-0.333312	
-0.271749	0.0172675	-0.884615	-0.0637001	-0.917027	2.11966	-0.334707	
-0.271796	0.017464	-0.884944	-0.0648516	-0.917868	2.12083	-0.3361	
-0.271841	0.0176613	-0.885266	-0.0660011	-0.918711	2.12199	-0.337491	
-0.271886	0.0178592	-0.885581	-0.0671487	-0.919557	2.12314	-0.338879	
-0.271929	0.0180578	-0.88589	-0.0682943	-0.920404	2.12429	-0.340265	
-0.271972	0.018257	-0.886192	-0.0694381	-0.921253	2.12543	-0.341648	
-0.272014	0.018457	-0.886487	-0.0705799	-0.922104	2.12657	-0.343029	
-0.272054	0.0186577	-0.886776	-0.0717199	-0.922957	2.12769	-0.344408	
-0.272094	0.0188591	-0.887058	-0.072858	-0.923812	2.12882	-0.345784	
-0.272133	0.0190612	-0.887334	-0.0739943	-0.924669	2.12993	-0.347158	
-0.272171	0.0192641	-0.887603	-0.0751288	-0.925528	2.13104	-0.348529	
-0.272208	0.0194678	-0.887866	-0.0762614	-0.926389	2.13214	-0.349898	
-0.272244	0.0196722	-0.888123	-0.0773923	-0.927251	2.13324	-0.351265	
-0.272279	0.0198773	-0.888373	-0.0785214	-0.928115	2.13433	-0.352629	
-0.272313	0.0200833	-0.888616	-0.0796488	-0.928982	2.13542	-0.353991	
-0.272346	0.02029	-0.888853	-0.0807744	-0.929849	2.13649	-0.355351	
-0.272378	0.0204976	-0.889084	-0.0818984	-0.930719	2.13757	-0.356708	
-0.272409	0.020706	-0.889309	-0.0830206	-0.93159	2.13863	-0.358063	
-0.27244	0.0209152	-0.889527	-0.0841411	-0.932463	2.13969	-0.359415	
-0.272469	0.0211252	-0.889739	-0.08526	-0.933338	2.14075	-0.360766	
-0.272498	0.0213361	-0.889945	-0.0863772	-0.934214	2.14179	-0.362114	
-0.272526	0.0215479	-0.890144	-0.0874928	-0.935092	2.14284	-0.36346	
-0.272553	0.0217605	-0.890337	-0.0886068	-0.935972	2.14387	-0.364803	
-0.272579	0.021974	-0.890524	-0.0897192	-0.936853	2.1449	-0.366144	
-0.272604	0.0221884	-0.890705	-0.09083	-0.937736	2.14593	-0.367483	
-0.272629	0.0224037	-0.890879	-0.0919393	-0.93862	2.14694	-0.36882	
-0.272652	0.0226199	-0.891048	-0.093047	-0.939505	2.14795	-0.370154	
-0.272675	0.022837	-0.89121	-0.0941532	-0.940393	2.14896	-0.371487	
-0.272697	0.023055	-0.891366	-0.0952578	-0.941281	2.14996	-0.372817	
-0.272718	0.023274	-0.891516	-0.096361	-0.942171	2.15095	-0.374144	
-0.272738	0.0234939	-0.89166	-0.0974627	-0.943063	2.15194	-0.37547	
-0.272758	0.0237147	-0.891798	-0.0985629	-0.943956	2.15292	-0.376793	
-0.272776	0.0239366	-0.89193	-0.0996616	-0.94485	2.1539	-0.378114	
-0.272794	0.0241593	-0.892056	-0.100759	-0.945745	2.15487	-0.379433	
-0.272811	0.0243831	-0.892176	-0.101855	-0.946642	2.15583	-0.38075	
-0.272828	0.0246079	-0.89229	-0.102949	-0.94754	2.15679	-0.382065	
-0.272843	0.0248337	-0.892398	-0.104042	-0.94844	2.15774	-0.383377	
-0.272858	0.0250604	-0.8925	-0.105134	-0.94934	2.15869	-0.384688	
-0.272872	0.0252882	-0.892597	-0.106225	-0.950242	2.15963	-0.385996	
-0.272885	0.0255171	-0.892687	-0.107314	-0.951145	2.16056	-0.387302	
-0.272898	0.0257469	-0.892771	-0.108401	-0.952049	2.16149	-0.388605	
-0.27291	0.0259778	-0.89285	-0.109488	-0.952955	2.16242	-0.389907	
-0.272921	0.0262098	-0.892923	-0.110573	-0.953861	2.16333	-0.391207	
-0.272931	0.0264428	-0.89299	-0.111657	-0.954769	2.16425	-0.392504	
-0.272941	0.0266769	-0.893051	-0.112739	-0.955678	2.16515	-0.3938	
-0.27295	0.0269121	-0.893106	-0.11382	-0.956588	2.16605	-0.395093	
-0.272958	0.0271484	-0.893156	-0.1149	-0.957499	2.16695	-0.396384	
-0.272966	0.0273857	-0.8932	-0.115979	-0.95841	2.16783	-0.397673	
-0.272973	0.0276242	-0.893238	-0.117057	-0.959323	2.16872	-0.39896	
-0.272979	0.0278638	-0.89327	-0.118133	-0.960237	2.16959	-0.400245	
-0.272984	0.0281045	-0.893297	-0.119208	-0.961152	2.17046	-0.401528	
-0.272989	0.0283463	-0.893318	-0.120282	-0.962068	2.17133	-0.402809	
-0.272994	0.0285892	-0.893333	-0.121355	-0.962985	2.17219	-0.404088	
-0.272997	0.0288333	-0.893343	-0.122427	-0.963902	2.17305	-0.405364	
-0.273	0.0290786	-0.893347	-0.123498	-0.964821	2.17389	-0.406639	
-0.273003	0.029325	-0.893346	-0.124567	-0.96574	2.17474	-0.407912	
-0.27328	0.0295976	-0.892454	-0.125674	-0.967222	2.1756	-0.409174	
-0.273774	0.0298937	-0.890787	-0.126809	-0.969207	2.17649	-0.410428	
-0.274426	0.0302097	-0.888485	-0.127966	-0.971614	2.1774	-0.411679	
-0.275189	0.0305425	-0.885691	-0.12914	-0.974353	2.17833	-0.412928	
-0.276025	0.030889	-0.882532	-0.130325	-0.977342	2.17926	-0.414175	
-0.276907	0.0312466	-0.879109	-0.13152	-0.980515	2.18021	-0.415421	
-0.277817	0.0316134	-0.875495	-0.132722	-0.983821	2.18116	-0.416667	
-0.278745	0.031988	-0.871745	-0.13393	-0.987222	2.18211	-0.417912	
-0.279682	0.0323693	-0.8679	-0.135144	-0.990689	2.18307	-0.419156	
-0.280624	0.0327566	-0.863987	-0.136364	-0.9942	2.18403	-0.4204	
-0.281569	0.0331493	-0.860027	-0.137589	-0.99774	2.18499	-0.421642	
-0.282513	0.0335471	-0.856037	-0.138819	-1.0013	2.18595	-0.422882	
-0.283458	0.0339495	-0.852026	-0.140054	-1.00487	2.18691	-0.424121	
-0.2844	0.0343564	-0.848003	-0.141295	-1.00844	2.18787	-0.425358	
-0.285341	0.0347677	-0.843974	-0.142541	-1.01201	2.18883	-0.426594	
-0.28628	0.0351832	-0.839943	-0.143793	-1.01557	2.18979	-0.427827	
-0.287216	0.0356028	-0.835913	-0.14505	-1.01913	2.19074	-0.429058	
-0.28815	0.0360266	-0.831886	-0.146313	-1.02268	2.1917	-0.430287	
-0.289082	0.0364536	-0.827865	-0.147581	-1.02621	2.19265	-0.431515	
-0.29001	0.0368848	-0.823851	-0.148855	-1.02974	2.1936	-0.43274	
-0.290936	0.0373201	-0.819844	-0.150135	-1.03325	2.19455	-0.433963	
-0.29186	0.0377594	-0.815846	-0.15142	-1.03675	2.19549	-0.435183	
-0.29278	0.0382027	-0.811858	-0.152711	-1.04024	2.19643	-0.436401	
-0.293698	0.0386499	-0.807879	-0.154008	-1.04371	2.19737	-0.437617	
-0.294613	0.0391011	-0.803911	-0.15531	-1.04717	2.19831	-0.438831	
-0.295524	0.0395562	-0.799953	-0.156618	-1.05061	2.19924	-0.440043	
-0.296433	0.0400152	-0.796006	-0.157932	-1.05404	2.20018	-0.441252	
-0.297339	0.0404781	-0.792071	-0.159252	-1.05745	2.2011	-0.442459	
-0.298242	0.0409449	-0.788147	-0.160578	-1.06084	2.20203	-0.443663	
-0.299142	0.0414155	-0.784235	-0.161909	-1.06422	2.20295	-0.444866	
-0.300039	0.04189	-0.780336	-0.163246	-1.06759	2.20387	-0.446066	
-0.300932	0.0423683	-0.776449	-0.164589	-1.07093	2.20479	-0.447264	
-0.301823	0.0428504	-0.772575	-0.165938	-1.07426	2.20571	-0.44846	
-0.30271	0.0433363	-0.768713	-0.167293	-1.07757	2.20662	-0.449654	
-0.303593	0.043826	-0.764865	-0.168653	-1.08087	2.20753	-0.450845	
-0.304474	0.0443195	-0.761031	-0.170019	-1.08415	2.20843	-0.452035	
-0.305351	0.0448168	-0.75721	-0.171391	-1.08741	2.20933	-0.453222	
-0.306224	0.0453179	-0.753403	-0.172769	-1.09065	2.21023	-0.454407	
-0.307094	0.0458227	-0.74961	-0.174152	-1.09387	2.21113	-0.45559	
-0.307961	0.0463312	-0.745832	-0.175541	-1.09708	2.21202	-0.456771	
-0.308824	0.0468434	-0.742068	-0.176936	-1.10026	2.21291	-0.45795	
-0.309683	0.0473594	-0.73832	-0.178336	-1.10343	2.21379	-0.459126	
-0.310538	0.047879	-0.734587	-0.179743	-1.10658	2.21468	-0.460301	
-0.31139	0.0484023	-0.730869	-0.181155	-1.10971	2.21556	-0.461474	
-0.312237	0.0489292	-0.727166	-0.182572	-1.11282	2.21643	-0.462644	
-0.313081	0.0494596	-0.72348	-0.183995	-1.11591	2.2173	-0.463813	
-0.313921	0.0499937	-0.71981	-0.185424	-1.11898	2.21817	-0.464979	
-0.314757	0.0505314	-0.716156	-0.186858	-1.12203	2.21903	-0.466144	
-0.315589	0.0510727	-0.71252	-0.188298	-1.12506	2.21989	-0.467307	
-0.316417	0.0516175	-0.7089	-0.189744	-1.12807	2.22075	-0.468468	
-0.31724	0.0521659	-0.705297	-0.191194	-1.13106	2.2216	-0.469627	
-0.318059	0.0527178	-0.701712	-0.192651	-1.13403	2.22245	-0.470784	
-0.318874	0.0532727	-0.698144	-0.194112	-1.13698	2.2233	-0.471939	
-0.319685	0.0538312	-0.694595	-0.195579	-1.1399	2.22414	-0.473092	
-0.320491	0.0543932	-0.691063	-0.197051	-1.14281	2.22498	-0.474243	
-0.321292	0.0549586	-0.687551	-0.198529	-1.14569	2.22581	-0.475392	
-0.322089	0.0555275	-0.684057	-0.200011	-1.14855	2.22664	-0.47654	
-0.322882	0.0560997	-0.680581	-0.201499	-1.15139	2.22746	-0.477686	
-0.323669	0.0566753	-0.677125	-0.202992	-1.15421	2.22828	-0.47883	
-0.324452	0.0572542	-0.673689	-0.20449	-1.157	2.2291	-0.479972	
-0.32523	0.0578363	-0.670272	-0.205993	-1.15977	2.22991	-0.481113	
-0.326004	0.0584218	-0.666875	-0.207501	-1.16252	2.23072	-0.482252	
-0.326772	0.0590104	-0.663499	-0.209014	-1.16525	2.23152	-0.483389	
-0.327535	0.0596022	-0.660142	-0.210531	-1.16795	2.23232	-0.484524	
-0.328293	0.0601971	-0.656807	-0.212054	-1.17063	2.23311	-0.485658	
-0.329046	0.0607952	-0.653492	-0.213581	-1.17329	2.2339	-0.48679	
-0.329794	0.0613963	-0.650198	-0.215113	-1.17592	2.23469	-0.48792	
-0.330537	0.0620005	-0.646926	-0.216649	-1.17853	2.23547	-0.489049	
-0.331274	0.0626076	-0.643675	-0.21819	-1.18111	2.23624	-0.490176	
-0.332006	0.0632177	-0.640446	-0.219735	-1.18367	2.23701	-0.491302	
-0.332732	0.0638308	-0.637239	-0.221285	-1.18621	2.23778	-0.492426	
-0.333453	0.0644467	-0.634055	-0.222839	-1.18872	2.23854	-0.493548	
-0.334168	0.0650655	-0.630892	-0.224397	-1.19121	2.23929	-0.494669	
-0.334878	0.0656871	-0.627752	-0.225959	-1.19367	2.24004	-0.495789	
-0.335582	0.0663114	-0.624635	-0.227525	-1.19611	2.24078	-0.496907	
-0.33628	0.0669385	-0.621541	-0.229095	-1.19853	2.24152	-0.498023	
-0.336973	0.0675683	-0.618471	-0.230669	-1.20092	2.24226	-0.499138	
-0.337659	0.0682008	-0.615423	-0.232247	-1.20328	2.24298	-0.500252	
-0.33834	0.0688359	-0.612399	-0.233829	-1.20562	2.24371	-0.501364	
-0.339014	0.0694735	-0.609399	-0.235414	-1.20794	2.24442	-0.502475	
-0.339683	0.0701138	-0.606423	-0.237003	-1.21023	2.24513	-0.503585	
-0.340345	0.0707565	-0.603471	-0.238595	-1.21249	2.24584	-0.504693	
-0.341002	0.0714016	-0.600543	-0.24019	-1.21473	2.24654	-0.505799	
-0.341652	0.0720492	-0.59764	-0.241789	-1.21694	2.24723	-0.506905	
-0.342295	0.0726992	-0.594761	-0.243391	-1.21913	2.24792	-0.508009	
-0.342933	0.0733515	-0.591907	-0.244996	-1.2213	2.2486	-0.509112	
-0.343564	0.0740061	-0.589077	-0.246604	-1.22343	2.24928	-0.510213	
-0.344189	0.074663	-0.586273	-0.248214	-1.22554	2.24995	-0.511314	
-0.344807	0.0753221	-0.583494	-0.249828	-1.22763	2.25061	-0.512413	
-0.345418	0.0759833	-0.580739	-0.251444	-1.22969	2.25127	-0.51351	
-0.346023	0.0766467	-0.578011	-0.253063	-1.23173	2.25192	-0.514607	
-0.346622	0.0773122	-0.575307	-0.254685	-1.23374	2.25256	-0.515702	
-0.347213	0.0779797	-0.57263	-0.256308	-1.23572	2.2532	-0.516797	
-0.347798	0.0786493	-0.569978	-0.257934	-1.23768	2.25384	-0.51789	
-0.348377	0.0793208	-0.567351	-0.259563	-1.23961	2.25446	-0.518981	
-0.348948	0.0799942	-0.564751	-0.261193	-1.24152	2.25508	-0.520072	
-0.349513	0.0806695	-0.562176	-0.262825	-1.2434	2.25569	-0.521162	
-0.35007	0.0813467	-0.559628	-0.26446	-1.24525	2.2563	-0.52225	
-0.350621	0.0820256	-0.557105	-0.266096	-1.24709	2.2569	-0.523338	
-0.351165	0.0827064	-0.554609	-0.267734	-1.24889	2.25749	-0.524424	
-0.351702	0.0833888	-0.552139	-0.269373	-1.25067	2.25807	-0.525509	
-0.352232	0.0840729	-0.549695	-0.271014	-1.25242	2.25865	-0.526593	
-0.352754	0.0847587	-0.547277	-0.272656	-1.25415	2.25922	-0.527676	
-0.35327	0.085446	-0.544886	-0.2743	-1.25586	2.25979	-0.528759	
-0.353778	0.0861349	-0.542521	-0.275945	-1.25753	2.26035	-0.52984	
-0.354279	0.0868254	-0.540183	-0.277591	-1.25919	2.2609	-0.53092	
-0.354773	0.0875173	-0.537871	-0.279238	-1.26082	2.26144	-0.531999	
-0.35526	0.0882107	-0.535585	-0.280886	-1.26242	2.26198	-0.533076	
-0.35574	0.0889055	-0.533326	-0.282534	-1.264	2.26251	-0.534153	
-0.356212	0.0896016	-0.531093	-0.284184	-1.26555	2.26303	-0.535229	
-0.356677	0.0902991	-0.528887	-0.285834	-1.26708	2.26354	-0.536304	
-0.357135	0.0909979	-0.526707	-0.287484	-1.26858	2.26405	-0.537378	
-0.357585	0.0916979	-0.524554	-0.289135	-1.27006	2.26455	-0.538452	
-0.358028	0.0923991	-0.522427	-0.290787	-1.27152	2.26504	-0.539524	
-0.358464	0.0931015	-0.520326	-0.292438	-1.27295	2.26552	-0.540596	
-0.358892	0.0938051	-0.518252	-0.29409	-1.27436	2.266	-0.541666	
-0.359312	0.0945098	-0.516204	-0.295742	-1.27574	2.26647	-0.542736	
-0.359726	0.0952155	-0.514182	-0.297393	-1.2771	2.26693	-0.543804	
-0.360132	0.0959223	-0.512187	-0.299045	-1.27844	2.26739	-0.544872	
-0.36053	0.0966301	-0.510218	-0.300696	-1.27975	2.26783	-0.545939	
-0.360921	0.0973389	-0.508275	-0.302348	-1.28104	2.26827	-0.547006	
-0.361304	0.0980486	-0.506358	-0.303998	-1.2823	2.2687	-0.548071	
-0.36168	0.0987593	-0.504467	-0.305649	-1.28354	2.26913	-0.549135	
-0.362049	0.0994708	-0.502602	-0.307298	-1.28476	2.26954	-0.550199	
-0.36241	0.100183	-0.500762	-0.308947	-1.28596	2.26995	-0.551262	
-0.362764	0.100896	-0.498949	-0.310596	-1.28713	2.27035	-0.552324	
-0.36311	0.10161	-0.497161	-0.312243	-1.28828	2.27074	-0.553385	
-0.363448	0.102325	-0.495399	-0.31389	-1.28941	2.27112	-0.554446	
-0.363779	0.103041	-0.493662	-0.315536	-1.29051	2.2715	-0.555505	
-0.364103	0.103757	-0.491951	-0.31718	-1.2916	2.27187	-0.556564	
-0.364419	0.104474	-0.490265	-0.318824	-1.29266	2.27223	-0.557622	
-0.364728	0.105191	-0.488604	-0.320466	-1.2937	2.27258	-0.558679	
-0.365029	0.105909	-0.486968	-0.322107	-1.29472	2.27292	-0.559736	
-0.365323	0.106628	-0.485357	-0.323747	-1.29572	2.27326	-0.560792	
-0.365609	0.107348	-0.483771	-0.325386	-1.29669	2.27359	-0.561847	
-0.365888	0.108067	-0.482209	-0.327023	-1.29765	2.27391	-0.562902	
-0.36616	0.108788	-0.480672	-0.328658	-1.29858	2.27422	-0.563955	
-0.366424	0.109509	-0.479159	-0.330292	-1.2995	2.27452	-0.565008	
-0.36668	0.11023	-0.477671	-0.331924	-1.30039	2.27482	-0.56606	
-0.36693	0.110952	-0.476207	-0.333554	-1.30126	2.27511	-0.567112	
-0.367172	0.111675	-0.474766	-0.335183	-1.30212	2.27539	-0.568162	
-0.367407	0.112397	-0.47335	-0.33681	-1.30295	2.27566	-0.569212	
-0.367634	0.113121	-0.471957	-0.338434	-1.30376	2.27592	-0.570261	
-0.367854	0.113844	-0.470587	-0.340057	-1.30456	2.27618	-0.571309	
-0.368067	0.114568	-0.469241	-0.341678	-1.30533	2.27642	-0.572357	
-0.368273	0.115292	-0.467918	-0.343297	-1.30609	2.27666	-0.573404	
-0.368471	0.116017	-0.466618	-0.344913	-1.30683	2.27689	-0.57445	
-0.368662	0.116742	-0.465341	-0.346528	-1.30755	2.27711	-0.575496	
-0.368846	0.117467	-0.464086	-0.34814	-1.30825	2.27733	-0.576541	
-0.369024	0.118193	-0.462854	-0.34975	-1.30893	2.27753	-0.577585	
-0.369193	0.118919	-0.461644	-0.351358	-1.30959	2.27773	-0.578629	
-0.369356	0.119645	-0.460456	-0.352963	-1.31024	2.27792	-0.579671	
-0.369512	0.120371	-0.45929	-0.354566	-1.31086	2.2781	-0.580714	
-0.369661	0.121098	-0.458145	-0.356166	-1.31147	2.27828	-0.581755	
-0.369803	0.121825	-0.457022	-0.357764	-1.31207	2.27844	-0.582796	
-0.369938	0.122552	-0.455921	-0.359359	-1.31264	2.2786	-0.583836	
-0.370066	0.123279	-0.45484	-0.360952	-1.3132	2.27875	-0.584876	
-0.370188	0.124007	-0.45378	-0.362542	-1.31375	2.27889	-0.585915	
-0.370302	0.124735	-0.452741	-0.36413	-1.31427	2.27902	-0.586953	
-0.37041	0.125463	-0.451723	-0.365714	-1.31478	2.27915	-0.587991	
-0.370511	0.126191	-0.450724	-0.367296	-1.31528	2.27926	-0.589028	
-0.370605	0.126919	-0.449746	-0.368876	-1.31575	2.27937	-0.590064	
-0.370693	0.127647	-0.448788	-0.370452	-1.31622	2.27947	-0.5911	
-0.370774	0.128376	-0.447849	-0.372026	-1.31666	2.27957	-0.592135	
-0.370849	0.129105	-0.44693	-0.373597	-1.3171	2.27965	-0.593169	
-0.370917	0.129833	-0.446029	-0.375165	-1.31751	2.27973	-0.594203	
-0.370978	0.130562	-0.445148	-0.37673	-1.31791	2.2798	-0.595236	
-0.371033	0.131292	-0.444286	-0.378292	-1.3183	2.27986	-0.596269	
-0.371082	0.132021	-0.443442	-0.379852	-1.31867	2.27991	-0.597301	
-0.371124	0.13275	-0.442617	-0.381408	-1.31903	2.27995	-0.598333	
-0.371161	0.13348	-0.441809	-0.382961	-1.31938	2.27999	-0.599364	
-0.37119	0.134209	-0.44102	-0.384512	-1.31971	2.28002	-0.600394	
-0.371214	0.134939	-0.440248	-0.386059	-1.32002	2.28004	-0.601424	
-0.371232	0.135669	-0.439494	-0.387603	-1.32033	2.28005	-0.602453	
-0.371243	0.136399	-0.438757	-0.389144	-1.32061	2.28006	-0.603482	
-0.371248	0.137129	-0.438037	-0.390683	-1.32089	2.28005	-0.60451	
-0.371247	0.137844	-0.437361	-0.392185	-1.32112	2.27975	-0.605545	
-0.370824	0.138544	-0.436925	-0.393597	-1.32158	2.27925	-0.606509	
-0.370046	0.139232	-0.4367	-0.394939	-1.32223	2.2786	-0.607422	
-0.36897	0.139913	-0.436661	-0.396229	-1.32304	2.27786	-0.608296	
-0.367646	0.140588	-0.436782	-0.397477	-1.32398	2.27706	-0.609142	
-0.366027	0.141235	-0.437319	-0.398638	-1.32491	2.2762	-0.609966	
-0.364185	0.141866	-0.438137	-0.399745	-1.32588	2.2753	-0.610772	
-0.362178	0.142489	-0.439145	-0.40082	-1.32688	2.27437	-0.611565	
-0.360049	0.143107	-0.440282	-0.401873	-1.32791	2.27343	-0.612347	
-0.35783	0.143722	-0.441507	-0.402912	-1.32897	2.27247	-0.613121	
-0.355545	0.144337	-0.44279	-0.403942	-1.33005	2.27151	-0.61389	
-0.353214	0.144952	-0.444111	-0.404965	-1.33116	2.27055	-0.614654	
-0.35085	0.145568	-0.445457	-0.405984	-1.33228	2.26958	-0.615415	
-0.348464	0.146185	-0.446817	-0.406998	-1.33341	2.2686	-0.616173	
-0.346064	0.146802	-0.448185	-0.408009	-1.33455	2.26762	-0.616929	
-0.343657	0.147421	-0.449555	-0.409016	-1.33569	2.26665	-0.617682	
-0.341245	0.14804	-0.450924	-0.41002	-1.33684	2.26566	-0.618434	
-0.338834	0.148661	-0.45229	-0.411022	-1.33798	2.26468	-0.619184	
-0.336426	0.149282	-0.45365	-0.41202	-1.33913	2.2637	-0.619933	
-0.334023	0.149905	-0.455004	-0.413015	-1.34028	2.26271	-0.62068	
-0.331626	0.150528	-0.45635	-0.414008	-1.34142	2.26172	-0.621426	
-0.329236	0.151153	-0.457687	-0.414997	-1.34256	2.26073	-0.62217	
-0.326855	0.151778	-0.459017	-0.415984	-1.3437	2.25974	-0.622913	
-0.324482	0.152404	-0.460337	-0.416968	-1.34484	2.25875	-0.623655	
-0.322119	0.153031	-0.461649	-0.417948	-1.34597	2.25776	-0.624396	
-0.319766	0.153659	-0.462951	-0.418926	-1.34709	2.25676	-0.625135	
-0.317423	0.154288	-0.464244	-0.419902	-1.34821	2.25576	-0.625872	
-0.31509	0.154918	-0.465527	-0.420874	-1.34933	2.25477	-0.626609	
-0.312768	0.155549	-0.466801	-0.421844	-1.35044	2.25377	-0.627344	
-0.310456	0.15618	-0.468066	-0.422811	-1.35155	2.25276	-0.628078	
-0.308155	0.156812	-0.469322	-0.423775	-1.35266	2.25176	-0.62881	
-0.305864	0.157446	-0.470568	-0.424736	-1.35375	2.25076	-0.629542	
-0.303584	0.15808	-0.471805	-0.425695	-1.35485	2.24975	-0.630272	
-0.301315	0.158715	-0.473032	-0.426651	-1.35593	2.24874	-0.631001	
-0.299056	0.159351	-0.47425	-0.427604	-1.35702	2.24773	-0.631729	
-0.296808	0.159988	-0.47546	-0.428554	-1.35809	2.24672	-0.632456	
-0.294571	0.160625	-0.47666	-0.429502	-1.35916	2.24571	-0.633181	
-0.292344	0.161264	-0.477851	-0.430448	-1.36023	2.2447	-0.633906	
-0.290128	0.161903	-0.479032	-0.43139	-1.36129	2.24368	-0.634629	
-0.287923	0.162544	-0.480205	-0.43233	-1.36235	2.24266	-0.635352	
-0.285728	0.163185	-0.481369	-0.433268	-1.3634	2.24165	-0.636073	
-0.283544	0.163827	-0.482524	-0.434203	-1.36444	2.24063	-0.636793	
-0.28137	0.16447	-0.483671	-0.435135	-1.36548	2.2396	-0.637512	
-0.279206	0.165114	-0.484808	-0.436065	-1.36651	2.23858	-0.63823	
-0.277054	0.165759	-0.485937	-0.436993	-1.36754	2.23756	-0.638947	
-0.274911	0.166405	-0.487057	-0.437917	-1.36857	2.23653	-0.639664	
-0.272779	0.167051	-0.488168	-0.43884	-1.36958	2.2355	-0.640379	
-0.270657	0.167699	-0.489271	-0.43976	-1.37059	2.23447	-0.641093	
-0.268546	0.168348	-0.490365	-0.440677	-1.3716	2.23344	-0.641806	
-0.266445	0.168997	-0.491451	-0.441592	-1.3726	2.23241	-0.642519	
-0.264354	0.169648	-0.492528	-0.442505	-1.37359	2.23138	-0.64323	
-0.262273	0.170299	-0.493597	-0.443416	-1.37458	2.23034	-0.643941	
-0.260203	0.170951	-0.494658	-0.444324	-1.37557	2.2293	-0.64465	
-0.258142	0.171604	-0.49571	-0.445229	-1.37654	2.22827	-0.645359	
-0.256092	0.172258	-0.496754	-0.446132	-1.37752	2.22723	-0.646067	
-0.254052	0.172914	-0.497789	-0.447033	-1.37848	2.22618	-0.646774	
-0.252022	0.17357	-0.498817	-0.447932	-1.37944	2.22514	-0.647481	
-0.250002	0.174227	-0.499836	-0.448828	-1.3804	2.2241	-0.648186	
-0.247992	0.174884	-0.500847	-0.449723	-1.38134	2.22305	-0.648891	
-0.245991	0.175543	-0.501851	-0.450614	-1.38229	2.222	-0.649595	
-0.244002	0.176204	-0.502846	-0.451504	-1.38322	2.22096	-0.650298	
-0.242022	0.176865	-0.503833	-0.452392	-1.38415	2.2199	-0.651	
-0.240051	0.177527	-0.504812	-0.453277	-1.38508	2.21885	-0.651702	
-0.238091	0.17819	-0.505784	-0.45416	-1.386	2.2178	-0.652403	
-0.23614	0.178854	-0.506747	-0.455041	-1.38691	2.21674	-0.653103	
-0.234199	0.179519	-0.507703	-0.45592	-1.38782	2.21569	-0.653803	
-0.232267	0.180185	-0.508651	-0.456797	-1.38872	2.21463	-0.654502	
-0.230346	0.180851	-0.509592	-0.457671	-1.38961	2.21357	-0.6552	
-0.228433	0.181519	-0.510525	-0.458544	-1.3905	2.21251	-0.655897	
-0.226531	0.182187	-0.51145	-0.459414	-1.39139	2.21145	-0.656594	
-0.224638	0.182857	-0.512368	-0.460282	-1.39226	2.21038	-0.657291	
-0.222754	0.183527	-0.513278	-0.461148	-1.39314	2.20932	-0.657986	
-0.22088	0.184199	-0.514181	-0.462012	-1.394	2.20825	-0.658682	
-0.219015	0.184871	-0.515076	-0.462874	-1.39486	2.20718	-0.659376	
-0.21716	0.185545	-0.515964	-0.463734	-1.39571	2.20611	-0.66007	
-0.215314	0.186219	-0.516844	-0.464592	-1.39656	2.20504	-0.660763	
-0.213477	0.186895	-0.517718	-0.465448	-1.3974	2.20397	-0.661456	
-0.21165	0.187571	-0.518583	-0.466302	-1.39824	2.2029	-0.662148	
-0.209832	0.188249	-0.519442	-0.467154	-1.39907	2.20182	-0.66284	
-0.208023	0.188927	-0.520294	-0.468004	-1.39989	2.20074	-0.663531	
-0.206224	0.189606	-0.521138	-0.468852	-1.4007	2.19966	-0.664222	
-0.204433	0.190287	-0.521976	-0.469698	-1.40152	2.19858	-0.664912	
-0.202652	0.190968	-0.522806	-0.470542	-1.40232	2.1975	-0.665602	
-0.20088	0.191651	-0.523629	-0.471385	-1.40312	2.19642	-0.666291	
-0.199117	0.192334	-0.524445	-0.472225	-1.40391	2.19533	-0.66698	
-0.197363	0.193018	-0.525255	-0.473064	-1.4047	2.19425	-0.667669	
-0.195617	0.193704	-0.526057	-0.4739	-1.40548	2.19316	-0.668357	
-0.193881	0.19439	-0.526853	-0.474735	-1.40625	2.19207	-0.669044	
-0.192154	0.195078	-0.527642	-0.475568	-1.40702	2.19098	-0.669731	
-0.190435	0.195766	-0.528424	-0.4764	-1.40778	2.18989	-0.670418	
-0.188726	0.196456	-0.529199	-0.477229	-1.40854	2.1888	-0.671104	
-0.187025	0.197146	-0.529967	-0.478057	-1.40928	2.1877	-0.67179	
-0.185333	0.197838	-0.530729	-0.478883	-1.41003	2.18661	-0.672476	
-0.183649	0.19853	-0.531484	-0.479707	-1.41076	2.18551	-0.673161	
-0.181975	0.199224	-0.532233	-0.480529	-1.4115	2.18441	-0.673846	
-0.180309	0.199919	-0.532975	-0.481349	-1.41222	2.18331	-0.67453	
-0.178651	0.200614	-0.533711	-0.482168	-1.41294	2.18221	-0.675214	
-0.177002	0.201311	-0.53444	-0.482985	-1.41365	2.1811	-0.675898	
-0.175362	0.202008	-0.535162	-0.483801	-1.41436	2.18	-0.676582	
-0.17373	0.202707	-0.535879	-0.484614	-1.41506	2.17889	-0.677265	
-0.172107	0.203407	-0.536589	-0.485426	-1.41575	2.17778	-0.677948	
-0.170492	0.204108	-0.537292	-0.486237	-1.41644	2.17667	-0.678631	
-0.168885	0.204809	-0.537989	-0.487045	-1.41712	2.17556	-0.679313	
-0.167287	0.205512	-0.53868	-0.487852	-1.41779	2.17445	-0.679995	
-0.165697	0.206216	-0.539365	-0.488658	-1.41846	2.17334	-0.680677	
-0.164116	0.206921	-0.540044	-0.489461	-1.41913	2.17222	-0.681358	
-0.162542	0.207627	-0.540716	-0.490263	-1.41978	2.17111	-0.68204	
-0.160977	0.208334	-0.541383	-0.491064	-1.42043	2.16999	-0.682721	
-0.15942	0.209042	-0.542043	-0.491863	-1.42108	2.16887	-0.683402	
-0.157871	0.209751	-0.542697	-0.49266	-1.42172	2.16775	-0.684082	
-0.156331	0.210461	-0.543346	-0.493456	-1.42235	2.16663	-0.684763	
-0.154798	0.211172	-0.543988	-0.49425	-1.42297	2.1655	-0.685443	
-0.153273	0.211884	-0.544624	-0.495042	-1.42359	2.16438	-0.686123	
-0.151756	0.212598	-0.545255	-0.495833	-1.42421	2.16325	-0.686803	
-0.150248	0.213312	-0.545879	-0.496622	-1.42481	2.16212	-0.687483	
-0.148747	0.214027	-0.546498	-0.49741	-1.42541	2.16099	-0.688162	
-0.147254	0.214744	-0.547111	-0.498197	-1.42601	2.15986	-0.688842	
-0.145769	0.215461	-0.547719	-0.498982	-1.4266	2.15873	-0.689521	
-0.144291	0.21618	-0.54832	-0.499765	-1.42718	2.1576	-0.6902	
-0.142822	0.216899	-0.548916	-0.500547	-1.42776	2.15646	-0.690879	
-0.14136	0.21762	-0.549506	-0.501327	-1.42833	2.15532	-0.691558	
-0.139906	0.218341	-0.550091	-0.502106	-1.42889	2.15419	-0.692237	
-0.138459	0.219064	-0.55067	-0.502883	-1.42945	2.15305	-0.692915	
-0.13702	0.219788	-0.551243	-0.503659	-1.43	2.15191	-0.693594	
-0.135589	0.220513	-0.551811	-0.504434	-1.43055	2.15076	-0.694272	
-0.134165	0.221238	-0.552373	-0.505207	-1.43109	2.14962	-0.69495	
-0.132748	0.221965	-0.55293	-0.505978	-1.43162	2.14848	-0.695629	
-0.131339	0.222693	-0.553482	-0.506748	-1.43215	2.14733	-0.696307	
-0.129938	0.223422	-0.554028	-0.507517	-1.43267	2.14618	-0.696985	
-0.128544	0.224152	-0.554569	-0.508285	-1.43319	2.14503	-0.697663	
-0.127157	0.224884	-0.555105	-0.50905	-1.4337	2.14388	-0.698341	
-0.125778	0.225616	-0.555635	-0.509815	-1.4342	2.14273	-0.699019	
-0.124405	0.226349	-0.55616	-0.510578	-1.4347	2.14158	-0.699696	
-0.123041	0.227083	-0.556679	-0.51134	-1.43519	2.14042	-0.700374	
-0.121683	0.227819	-0.557194	-0.5121	-1.43567	2.13927	-0.701052	
-0.120332	0.228555	-0.557703	-0.512859	-1.43615	2.13811	-0.70173	
-0.118989	0.229293	-0.558208	-0.513617	-1.43663	2.13695	-0.702407	
-0.117652	0.230031	-0.558707	-0.514373	-1.43709	2.13579	-0.703085	
-0.116323	0.230771	-0.559201	-0.515128	-1.43755	2.13463	-0.703763	
-0.115001	0.231512	-0.55969	-0.515882	-1.43801	2.13346	-0.70444	
-0.113685	0.232253	-0.560174	-0.516634	-1.43846	2.1323	-0.705118	
-0.112377	0.232996	-0.560653	-0.517385	-1.4389	2.13113	-0.705796	
-0.111076	0.23374	-0.561127	-0.518135	-1.43934	2.12996	-0.706473	
-0.109781	0.234485	-0.561596	-0.518883	-1.43977	2.1288	-0.707151	
-0.108493	0.235231	-0.562061	-0.51963	-1.4402	2.12763	-0.707829	
-0.107212	0.235978	-0.56252	-0.520376	-1.44062	2.12645	-0.708507	
-0.105938	0.236726	-0.562975	-0.52112	-1.44103	2.12528	-0.709184	
-0.10467	0.237476	-0.563425	-0.521863	-1.44144	2.12411	-0.709862	
-0.10341	0.238226	-0.56387	-0.522605	-1.44184	2.12293	-0.71054	
-0.102156	0.238977	-0.56431	-0.523346	-1.44223	2.12175	-0.711218	
-0.100908	0.23973	-0.564746	-0.524085	-1.44262	2.12057	-0.711896	
-0.099667	0.240483	-0.565177	-0.524823	-1.44301	2.11939	-0.712574	
-0.0984325	0.241238	-0.565603	-0.52556	-1.44339	2.11821	-0.713252	
-0.0972046	0.241993	-0.566025	-0.526295	-1.44376	2.11703	-0.71393	
-0.0959831	0.24275	-0.566442	-0.52703	-1.44413	2.11585	-0.714608	
-0.0947681	0.243508	-0.566855	-0.527763	-1.44449	2.11466	-0.715286	
-0.0935594	0.244267	-0.567263	-0.528494	-1.44484	2.11347	-0.715965	
-0.0923572	0.245027	-0.567666	-0.529225	-1.44519	2.11228	-0.716643	
-0.0911612	0.245788	-0.568065	-0.529954	-1.44553	2.11109	-0.717322	
-0.0899715	0.24655	-0.56846	-0.530683	-1.44587	2.1099	-0.718	
-0.0887881	0.247313	-0.56885	-0.531409	-1.4462	2.10871	-0.718679	
-0.0876109	0.248077	-0.569236	-0.532135	-1.44653	2.10752	-0.719358	
-0.0864399	0.248842	-0.569618	-0.53286	-1.44685	2.10632	-0.720036	
-0.0852751	0.249609	-0.569995	-0.533583	-1.44717	2.10512	-0.720715	
-0.0841163	0.250376	-0.570368	-0.534305	-1.44747	2.10393	-0.721395	
-0.0829636	0.251145	-0.570736	-0.535026	-1.44778	2.10273	-0.722074	
-0.081817	0.251914	-0.5711	-0.535746	-1.44808	2.10153	-0.722753	
-0.0806764	0.252685	-0.571461	-0.536464	-1.44837	2.10032	-0.723433	
-0.0795418	0.253456	-0.571816	-0.537182	-1.44865	2.09912	-0.724112	
-0.0784131	0.254229	-0.572168	-0.537898	-1.44893	2.09792	-0.724792	
-0.0772903	0.255003	-0.572516	-0.538613	-1.44921	2.09671	-0.725472	
-0.0761733	0.255778	-0.572859	-0.539327	-1.44948	2.0955	-0.726152	
-0.0750622	0.256554	-0.573199	-0.54004	-1.44974	2.09429	-0.726832	
-0.073957	0.257331	-0.573534	-0.540751	-1.45	2.09308	-0.727512	
-0.0728574	0.258109	-0.573865	-0.541462	-1.45025	2.09187	-0.728192	
-0.0717637	0.258888	-0.574192	-0.542171	-1.4505	2.09066	-0.728873	
-0.0706755	0.259668	-0.574516	-0.542879	-1.45074	2.08944	-0.729553	
-0.0695931	0.26045	-0.574835	-0.543586	-1.45098	2.08822	-0.730234	
-0.0685163	0.261232	-0.57515	-0.544292	-1.45121	2.08701	-0.730915	
-0.067445	0.262015	-0.575462	-0.544996	-1.45143	2.08579	-0.731596	
-0.0663794	0.2628	-0.575769	-0.5457	-1.45165	2.08457	-0.732278	
-0.0653193	0.263585	-0.576073	-0.546402	-1.45187	2.08335	-0.732959	
-0.0642647	0.264372	-0.576373	-0.547104	-1.45208	2.08212	-0.733641	
-0.0632156	0.26516	-0.576669	-0.547804	-1.45228	2.0809	-0.734323	
-0.062172	0.265949	-0.576961	-0.548503	-1.45248	2.07967	-0.735005	
-0.0611337	0.266738	-0.577249	-0.549201	-1.45267	2.07845	-0.735687	
-0.0601008	0.267529	-0.577534	-0.549897	-1.45286	2.07722	-0.736369	
-0.0590733	0.268321	-0.577815	-0.550593	-1.45304	2.07599	-0.737051	
-0.058051	0.269114	-0.578092	-0.551288	-1.45322	2.07476	-0.737734	
-0.057034	0.269908	-0.578366	-0.551981	-1.45339	2.07352	-0.738417	
-0.0560222	0.270703	-0.578636	-0.552674	-1.45355	2.07229	-0.7391	
-0.0550157	0.2715	-0.578902	-0.553365	-1.45371	2.07105	-0.739783	
-0.0540143	0.272297	-0.579165	-0.554055	-1.45387	2.06982	-0.740467	
-0.053018	0.273095	-0.579424	-0.554744	-1.45402	2.06858	-0.74115	
-0.0520269	0.273895	-0.57968	-0.555432	-1.45417	2.06734	-0.741834	
-0.0510409	0.274695	-0.579932	-0.556119	-1.4543	2.0661	-0.742518	
-0.0500599	0.275497	-0.580181	-0.556805	-1.45444	2.06486	-0.743202	
-0.0490839	0.276299	-0.580426	-0.557489	-1.45457	2.06361	-0.743887	
-0.0481129	0.277103	-0.580667	-0.558173	-1.45469	2.06237	-0.744572	
-0.0471468	0.277908	-0.580906	-0.558855	-1.45481	2.06112	-0.745256	
-0.0461857	0.278713	-0.58114	-0.559537	-1.45492	2.05987	-0.745941	
-0.0452295	0.27952	-0.581372	-0.560217	-1.45503	2.05862	-0.746627	
-0.0442781	0.280328	-0.5816	-0.560897	-1.45514	2.05737	-0.747312	
-0.0433316	0.281137	-0.581824	-0.561575	-1.45524	2.05612	-0.747998	
-0.0423898	0.281947	-0.582046	-0.562252	-1.45533	2.05487	-0.748684	
-0.0414529	0.282758	-0.582264	-0.562928	-1.45542	2.05361	-0.74937	
-0.0405206	0.28357	-0.582478	-0.563603	-1.4555	2.05236	-0.750056	
-0.0395931	0.284383	-0.58269	-0.564277	-1.45558	2.0511	-0.750743	
-0.0386703	0.285197	-0.582898	-0.56495	-1.45565	2.04984	-0.751429	
-0.0377521	0.286013	-0.583103	-0.565621	-1.45572	2.04858	-0.752116	
-0.0368386	0.286829	-0.583305	-0.566292	-1.45578	2.04732	-0.752804	
-0.0359296	0.287646	-0.583503	-0.566962	-1.45584	2.04606	-0.753491	
-0.0350252	0.288465	-0.583699	-0.56763	-1.45589	2.04479	-0.754179	
-0.0341254	0.289284	-0.583891	-0.568298	-1.45594	2.04353	-0.754867	
-0.03323	0.290105	-0.58408	-0.568964	-1.45598	2.04226	-0.755555	
-0.0323391	0.290926	-0.584266	-0.56963	-1.45602	2.04099	-0.756243	
-0.0314527	0.291749	-0.584449	-0.570294	-1.45606	2.03972	-0.756932	
-0.0305707	0.292572	-0.584629	-0.570957	-1.45609	2.03845	-0.757621	
-0.0296931	0.293397	-0.584806	-0.571619	-1.45611	2.03718	-0.75831	
-0.0288198	0.294223	-0.58498	-0.572281	-1.45613	2.03591	-0.758999	
-0.0279509	0.295049	-0.58515	-0.572941	-1.45614	2.03463	-0.759688	
-0.0270863	0.295877	-0.585318	-0.5736	-1.45615	2.03336	-0.760378	
-0.026226	0.296706	-0.585483	-0.574258	-1.45616	2.03208	-0.761068	
-0.0253699	0.297536	-0.585645	-0.574915	-1.45616	2.0308	-0.761759	
-0.0245387	0.298361	-0.585818	-0.575566	-1.45608	2.02952	-0.762477	
-0.0237284	0.299183	-0.585998	-0.576214	-1.45594	2.02823	-0.763215	
-0.0229359	0.300002	-0.586182	-0.576859	-1.45575	2.02694	-0.763966	
-0.0221584	0.300819	-0.586368	-0.577503	-1.45552	2.02565	-0.764726	
-0.0213935	0.301636	-0.586556	-0.578145	-1.45527	2.02436	-0.765493	
-0.0206398	0.302452	-0.586743	-0.578785	-1.45499	2.02307	-0.766264	
-0.0198958	0.303268	-0.586929	-0.579424	-1.45468	2.02177	-0.767039	
-0.0191604	0.304084	-0.587113	-0.580063	-1.45437	2.02047	-0.767817	
-0.0184323	0.304901	-0.587296	-0.5807	-1.45403	2.01918	-0.768596	
-0.0177109	0.305717	-0.587477	-0.581336	-1.45369	2.01788	-0.769376	
-0.0169956	0.306535	-0.587656	-0.581971	-1.45334	2.01658	-0.770157	
-0.0162857	0.307353	-0.587832	-0.582605	-1.45298	2.01527	-0.77094	
-0.0155809	0.308172	-0.588006	-0.583238	-1.45261	2.01397	-0.771722	
-0.0148809	0.308991	-0.588178	-0.58387	-1.45223	2.01267	-0.772506	
-0.0141853	0.309812	-0.588346	-0.584501	-1.45185	2.01136	-0.77329	
-0.013494	0.310633	-0.588513	-0.585131	-1.45147	2.01005	-0.774074	
-0.0128066	0.311456	-0.588676	-0.585759	-1.45107	2.00874	-0.774858	
-0.0121231	0.312279	-0.588837	-0.586387	-1.45068	2.00743	-0.775642	
-0.0114435	0.313103	-0.588996	-0.587014	-1.45028	2.00612	-0.776427	
-0.0107675	0.313929	-0.589152	-0.58764	-1.44987	2.00481	-0.777213	
-0.0100949	0.314755	-0.589305	-0.588264	-1.44946	2.0035	-0.777999	
-0.00942581	0.315582	-0.589456	-0.588888	-1.44905	2.00218	-0.778785	
-0.00876007	0.31641	-0.589604	-0.58951	-1.44864	2.00086	-0.779571	
-0.00809775	0.31724	-0.589749	-0.590132	-1.44822	1.99955	-0.780357	
-0.0074387	0.31807	-0.589892	-0.590752	-1.44779	1.99823	-0.781144	
-0.00678287	0.318901	-0.590033	-0.591372	-1.44737	1.99691	-0.78193	
-0.00613001	0.319734	-0.59017	-0.59199	-1.44694	1.99559	-0.782717	
-0.00548035	0.320567	-0.590306	-0.592607	-1.4465	1.99426	-0.783504	
-0.00483369	0.321402	-0.590438	-0.593224	-1.44607	1.99294	-0.784291	
-0.00419018	0.322237	-0.590569	-0.593839	-1.44563	1.99161	-0.785078	
-0.00354967	0.323074	-0.590696	-0.594453	-1.44518	1.99029	-0.785865	
-0.00291218	0.323911	-0.590822	-0.595066	-1.44474	1.98896	-0.786652	
-0.00227773	0.32475	-0.590944	-0.595678	-1.44429	1.98763	-0.78744	
-0.00164625	0.32559	-0.591065	-0.596289	-1.44383	1.9863	-0.788228	
-0.0010178	0.32643	-0.591183	-0.596899	-1.44338	1.98497	-0.789017	
-0.000392191	0.327272	-0.591298	-0.597507	-1.44292	1.98364	-0.789805	
0.000230433	0.328115	-0.591411	-0.598115	-1.44245	1.9823	-0.790593	
0.000850273	0.328958	-0.591522	-0.598722	-1.44199	1.98097	-0.791381	
0.00146736	0.329803	-0.59163	-0.599328	-1.44152	1.97963	-0.792169	
0.00208149	0.330649	-0.591736	-0.599932	-1.44105	1.97829	-0.792958	
0.0026927	0.331496	-0.591839	-0.600536	-1.44057	1.97695	-0.793747	
0.00330097	0.332344	-0.59194	-0.601138	-1.44009	1.97561	-0.794535	
0.0039065	0.333193	-0.592039	-0.601739	-1.43961	1.97427	-0.795324	
0.00450922	0.334043	-0.592136	-0.60234	-1.43913	1.97293	-0.796113	
0.00510915	0.334894	-0.59223	-0.602939	-1.43864	1.97158	-0.796902	
0.00570628	0.335745	-0.592322	-0.603537	-1.43815	1.97024	-0.797691	
0.00630071	0.336598	-0.592411	-0.604134	-1.43766	1.96889	-0.79848	
0.00689234	0.337452	-0.592499	-0.60473	-1.43716	1.96754	-0.79927	
0.00748129	0.338307	-0.592584	-0.605326	-1.43666	1.96619	-0.80006	
0.0080676	0.339164	-0.592666	-0.605919	-1.43616	1.96484	-0.80085	
0.00865129	0.340021	-0.592747	-0.606512	-1.43565	1.96349	-0.80164	
0.00923236	0.340879	-0.592825	-0.607104	-1.43515	1.96214	-0.802429	
0.00981093	0.341738	-0.592901	-0.607695	-1.43464	1.96078	-0.803219	
0.010387	0.342598	-0.592975	-0.608285	-1.43412	1.95943	-0.804009	
0.0109604	0.343459	-0.593047	-0.608873	-1.43361	1.95807	-0.804799	
0.0115312	0.344321	-0.593117	-0.609461	-1.43309	1.95671	-0.805589	
0.0120995	0.345184	-0.593184	-0.610047	-1.43257	1.95535	-0.80638	
0.0126654	0.346048	-0.593249	-0.610633	-1.43204	1.95399	-0.80717	
0.0132288	0.346913	-0.593312	-0.611217	-1.43151	1.95263	-0.80796	
0.0137896	0.347779	-0.593373	-0.6118	-1.43098	1.95127	-0.808751	
0.014348	0.348647	-0.593432	-0.612382	-1.43045	1.9499	-0.809542	
0.0149039	0.349515	-0.593489	-0.612964	-1.42991	1.94854	-0.810333	
0.0154575	0.350384	-0.593544	-0.613544	-1.42938	1.94717	-0.811123	
0.0160086	0.351254	-0.593596	-0.614123	-1.42883	1.9458	-0.811914	
0.0165574	0.352125	-0.593647	-0.6147	-1.42829	1.94443	-0.812706	
0.0171037	0.352997	-0.593695	-0.615277	-1.42774	1.94306	-0.813497	
0.0176478	0.35387	-0.593741	-0.615853	-1.4272	1.94169	-0.814288	
0.0181895	0.354744	-0.593786	-0.616428	-1.42664	1.94031	-0.81508	
0.0187288	0.355619	-0.593828	-0.617001	-1.42609	1.93894	-0.815871	
0.0192659	0.356496	-0.593868	-0.617574	-1.42553	1.93756	-0.816663	
0.0198007	0.357373	-0.593907	-0.618145	-1.42497	1.93619	-0.817454	
0.0203332	0.358251	-0.593943	-0.618715	-1.42441	1.93481	-0.818246	
0.0208635	0.35913	-0.593977	-0.619285	-1.42385	1.93343	-0.819038	
0.0213916	0.36001	-0.59401	-0.619853	-1.42328	1.93205	-0.81983	
0.0219174	0.360891	-0.59404	-0.62042	-1.42271	1.93066	-0.820622	
0.022441	0.361773	-0.594068	-0.620986	-1.42214	1.92928	-0.821414	
0.0229625	0.362656	-0.594095	-0.621551	-1.42157	1.92789	-0.822206	
0.0234818	0.36354	-0.594119	-0.622114	-1.42099	1.92651	-0.822998	
0.0239989	0.364425	-0.594142	-0.622677	-1.42041	1.92512	-0.823791	
0.0245139	0.36531	-0.594162	-0.623239	-1.41983	1.92373	-0.824583	
0.0250268	0.366197	-0.594181	-0.623799	-1.41924	1.92234	-0.825375	
0.0255375	0.367085	-0.594198	-0.624359	-1.41866	1.92095	-0.826168	
0.0260461	0.367974	-0.594213	-0.624917	-1.41807	1.91956	-0.826961	
0.0265527	0.368864	-0.594226	-0.625474	-1.41748	1.91816	-0.827753	
0.0270572	0.369754	-0.594237	-0.62603	-1.41688	1.91677	-0.828546	
0.0275596	0.370646	-0.594247	-0.626585	-1.41629	1.91537	-0.829338	
0.02806	0.371539	-0.594254	-0.627139	-1.41569	1.91397	-0.830131	
0.0285584	0.372432	-0.59426	-0.627692	-1.41509	1.91257	-0.830924	
0.0290547	0.373327	-0.594264	-0.628244	-1.41449	1.91117	-0.831717	
0.029549	0.374222	-0.594266	-0.628794	-1.41388	1.90977	-0.83251	
0.0300414	0.375118	-0.594266	-0.629344	-1.41327	1.90837	-0.833303	
0.0305318	0.376016	-0.594265	-0.629892	-1.41266	1.90696	-0.834096	
0.0310201	0.376937	-0.594116	-0.630475	-1.41212	1.90556	-0.834842	
0.0315086	0.377877	-0.593851	-0.63108	-1.41161	1.90417	-0.835553	
0.0319983	0.378831	-0.593497	-0.631702	-1.41115	1.90277	-0.836241	
0.0324896	0.379797	-0.593073	-0.632333	-1.41072	1.90138	-0.83691	
0.0329829	0.380772	-0.592594	-0.632972	-1.41031	1.89998	-0.837566	
0.0334778	0.381754	-0.592073	-0.633616	-1.40991	1.89859	-0.838212	
0.0339742	0.382741	-0.591519	-0.634263	-1.40953	1.89719	-0.838851	
0.0344719	0.383734	-0.59094	-0.634911	-1.40917	1.89579	-0.839484	
0.0349706	0.38473	-0.590341	-0.635561	-1.4088	1.8944	-0.840114	
0.03547	0.385729	-0.589728	-0.636211	-1.40844	1.89299	-0.840741	
0.0359699	0.386732	-0.589104	-0.636861	-1.40809	1.89159	-0.841366	
0.0364701	0.387736	-0.588472	-0.63751	-1.40774	1.89019	-0.841989	
0.0369705	0.388742	-0.587834	-0.638159	-1.40738	1.88878	-0.842611	
0.0374708	0.38975	-0.587191	-0.638807	-1.40703	1.88738	-0.843232	
0.0379708	0.39076	-0.586546	-0.639454	-1.40667	1.88597	-0.843852	
0.0384706	0.39177	-0.5859	-0.6401	-1.40632	1.88456	-0.844471	
0.03897	0.392782	-0.585252	-0.640744	-1.40596	1.88315	-0.84509	
0.0394688	0.393794	-0.584605	-0.641388	-1.40559	1.88174	-0.845709	
0.0399672	0.394808	-0.583958	-0.64203	-1.40523	1.88032	-0.846328	
0.0404649	0.395822	-0.583312	-0.64267	-1.40486	1.87891	-0.846946	
0.0409619	0.396838	-0.582667	-0.64331	-1.40449	1.87749	-0.847565	
0.0414583	0.397854	-0.582023	-0.643947	-1.40411	1.87607	-0.848183	
0.0419539	0.39887	-0.581382	-0.644584	-1.40373	1.87465	-0.848801	
0.0424488	0.399888	-0.580741	-0.645219	-1.40334	1.87323	-0.84942	
0.0429429	0.400906	-0.580103	-0.645852	-1.40295	1.87181	-0.850038	
0.0434361	0.401924	-0.579467	-0.646484	-1.40256	1.87038	-0.850656	
0.0439286	0.402943	-0.578832	-0.647114	-1.40216	1.86895	-0.851274	
0.0444203	0.403963	-0.5782	-0.647743	-1.40176	1.86753	-0.851892	
0.0449112	0.404984	-0.57757	-0.648371	-1.40136	1.8661	-0.85251	
0.0454012	0.406005	-0.576942	-0.648997	-1.40095	1.86467	-0.853128	
0.0458903	0.407026	-0.576316	-0.649621	-1.40054	1.86323	-0.853747	
0.0463787	0.408048	-0.575692	-0.650244	-1.40012	1.8618	-0.854365	
0.0468662	0.409071	-0.575071	-0.650865	-1.3997	1.86037	-0.854984	
0.0473528	0.410094	-0.574451	-0.651485	-1.39927	1.85893	-0.855602	
0.0478386	0.411118	-0.573834	-0.652103	-1.39884	1.85749	-0.85622	
0.0483235	0.412142	-0.573218	-0.652719	-1.39841	1.85605	-0.856839	
0.0488075	0.413167	-0.572605	-0.653334	-1.39797	1.85461	-0.857457	
0.0492907	0.414192	-0.571994	-0.653948	-1.39753	1.85317	-0.858075	
0.0497731	0.415218	-0.571385	-0.65456	-1.39708	1.85172	-0.858694	
0.0502546	0.416244	-0.570778	-0.65517	-1.39663	1.85028	-0.859312	
0.0507352	0.417271	-0.570173	-0.655779	-1.39618	1.84883	-0.85993	
0.051215	0.418299	-0.569571	-0.656386	-1.39572	1.84738	-0.860549	
0.0516939	0.419327	-0.56897	-0.656992	-1.39526	1.84593	-0.861167	
0.052172	0.420355	-0.568371	-0.657596	-1.39479	1.84448	-0.861785	
0.0526492	0.421385	-0.567774	-0.658198	-1.39432	1.84303	-0.862403	
0.0531255	0.422414	-0.567179	-0.658799	-1.39385	1.84157	-0.863022	
0.053601	0.423445	-0.566587	-0.659399	-1.39337	1.84012	-0.86364	
0.0540757	0.424476	-0.565996	-0.659996	-1.39289	1.83866	-0.864258	
0.0545495	0.425507	-0.565407	-0.660592	-1.39241	1.8372	-0.864877	
0.0550225	0.426539	-0.56482	-0.661187	-1.39192	1.83574	-0.865495	
0.0554946	0.427571	-0.564234	-0.66178	-1.39143	1.83428	-0.866113	
0.0559658	0.428604	-0.563651	-0.662371	-1.39093	1.83282	-0.866732	
0.0564363	0.429638	-0.56307	-0.662961	-1.39043	1.83135	-0.86735	
0.0569059	0.430672	-0.56249	-0.663549	-1.38993	1.82989	-0.867968	
0.0573746	0.431706	-0.561912	-0.664136	-1.38943	1.82842	-0.868587	
0.0578425	0.432741	-0.561336	-0.664721	-1.38892	1.82695	-0.869204	
0.0583096	0.433777	-0.560762	-0.665304	-1.3884	1.82548	-0.869822	
0.0587758	0.434813	-0.56019	-0.665886	-1.38789	1.82401	-0.87044	
0.0592411	0.435849	-0.559619	-0.666466	-1.38737	1.82254	-0.871059	
0.0597057	0.436886	-0.55905	-0.667045	-1.38684	1.82106	-0.871677	
0.0601693	0.437924	-0.558483	-0.667622	-1.38631	1.81959	-0.872295	
0.0606322	0.438962	-0.557918	-0.668197	-1.38578	1.81811	-0.872913	
