dataQref
 -1.13792  -1.90738  -1.13373  -1.29516 -0.810739  -1.19181  -1.36993
 -1.13531  -1.90527   -1.1315  -1.29401 -0.809194  -1.18981  -1.36751
 -1.13271  -1.90316  -1.12926  -1.29285 -0.807647   -1.1878  -1.36509
 -1.13009  -1.90105  -1.12703  -1.29168 -0.806098  -1.18579  -1.36267
 -1.12747  -1.89893  -1.12479  -1.29051 -0.804547  -1.18379  -1.36024
 -1.12485   -1.8968  -1.12255  -1.28934 -0.802994  -1.18178  -1.35782
 -1.12222  -1.89466  -1.12031  -1.28816 -0.801438  -1.17976  -1.35538
 -1.11958  -1.89252  -1.11807  -1.28697 -0.799881  -1.17775  -1.35295
 -1.11694  -1.89038  -1.11582  -1.28579 -0.798322  -1.17574  -1.35051
 -1.11429  -1.88823  -1.11357  -1.28459 -0.796761  -1.17372  -1.34808
 -1.11164  -1.88607  -1.11132   -1.2834 -0.795198   -1.1717  -1.34563
 -1.10898   -1.8839  -1.10907   -1.2822 -0.793633  -1.16968  -1.34319
 -1.10631  -1.88173  -1.10682  -1.28099 -0.792066  -1.16766  -1.34074
 -1.10364  -1.87955  -1.10456  -1.27978 -0.790498  -1.16564  -1.33829
 -1.10097  -1.87737  -1.10231  -1.27857 -0.788927  -1.16362  -1.33584
 -1.09828  -1.87518  -1.10005  -1.27735 -0.787354   -1.1616  -1.33338
  -1.0956  -1.87299  -1.09779  -1.27612 -0.785779  -1.15957  -1.33093
 -1.09291  -1.87079  -1.09552  -1.27489 -0.784202  -1.15754  -1.32847
 -1.09021  -1.86858  -1.09326  -1.27366 -0.782624  -1.15552    -1.326
 -1.08751  -1.86637  -1.09099  -1.27242 -0.781043  -1.15349  -1.32354
 -1.0848 -1.86415 -1.08872 -1.27118 -0.77946 -1.15146 -1.32107
 -1.08208  -1.86192  -1.08645  -1.26994 -0.777876  -1.14942   -1.3186
 -1.07937  -1.85969  -1.08418  -1.26869 -0.776289  -1.14739  -1.31613
 -1.07664  -1.85745   -1.0819  -1.26743 -0.774701  -1.14536  -1.31365
 -1.07391  -1.85521  -1.07962  -1.26617 -0.773111  -1.14332  -1.31117
 -1.07118  -1.85296  -1.07734  -1.26491 -0.771519  -1.14129  -1.30869
 -1.06844  -1.85071  -1.07506  -1.26364 -0.769924  -1.13925  -1.30621
 -1.06569  -1.84845  -1.07278  -1.26237 -0.768328  -1.13721  -1.30372
 -1.06294  -1.84618   -1.0705  -1.26109 -0.766731  -1.13517  -1.30124
 -1.06018  -1.84391  -1.06821  -1.25981 -0.765131  -1.13313  -1.29875
 -1.05742  -1.84163  -1.06592  -1.25852 -0.763529  -1.13108  -1.29625
 -1.05465  -1.83935  -1.06363  -1.25723 -0.761925  -1.12904  -1.29376
-1.05188 -1.83706 -1.06134 -1.25594 -0.76032 -1.12699 -1.29126
 -1.04911  -1.83476  -1.05905  -1.25464 -0.758713  -1.12495  -1.28876
 -1.04632  -1.83246  -1.05675  -1.25333 -0.757103   -1.1229  -1.28626
 -1.04354  -1.83015  -1.05445  -1.25202 -0.755492  -1.12085  -1.28375
 -1.04074  -1.82784  -1.05215  -1.25071 -0.753879   -1.1188  -1.28125
 -1.03795  -1.82552  -1.04985  -1.24939 -0.752264  -1.11675  -1.27874
 -1.03514   -1.8232  -1.04755  -1.24807 -0.750648   -1.1147  -1.27623
 -1.03234  -1.82087  -1.04524  -1.24674 -0.749029  -1.11265  -1.27371
 -1.02952  -1.81854  -1.04294  -1.24541 -0.747409  -1.11059   -1.2712
  -1.0267   -1.8162  -1.04063  -1.24408 -0.745787  -1.10854  -1.26868
 -1.02388  -1.81385  -1.03832  -1.24274 -0.744163  -1.10648  -1.26616
 -1.02105   -1.8115    -1.036   -1.2414 -0.742537  -1.10443  -1.26363
 -1.01822  -1.80914  -1.03369  -1.24005 -0.740909  -1.10237  -1.26111
 -1.01538  -1.80678  -1.03137  -1.23869 -0.739279  -1.10031  -1.25858
 -1.01254  -1.80441  -1.02906  -1.23734 -0.737648  -1.09825  -1.25605
 -1.00969  -1.80203  -1.02674  -1.23598 -0.736015  -1.09619  -1.25352
-1.00684 -1.79965 -1.02442 -1.23461 -0.73438 -1.09412 -1.25098
 -1.00398  -1.79727  -1.02209  -1.23324 -0.732743  -1.09206  -1.24845
 -1.00112  -1.79488  -1.01977  -1.23186 -0.731104     -1.09  -1.24591
-0.998251  -1.79248  -1.01744  -1.23049 -0.729464  -1.08793  -1.24337
-0.995378  -1.79008  -1.01511   -1.2291 -0.727822  -1.08586  -1.24083
-0.992501  -1.78767  -1.01278  -1.22771 -0.726178   -1.0838  -1.23828
-0.989619  -1.78526  -1.01045  -1.22632 -0.724532  -1.08173  -1.23573
-0.986732  -1.78284  -1.00812  -1.22492 -0.722885  -1.07966  -1.23318
 -0.98384  -1.78042  -1.00578  -1.22352 -0.721235  -1.07759  -1.23063
-0.980943  -1.77799  -1.00345  -1.22212 -0.719584  -1.07552  -1.22808
-0.978042  -1.77555  -1.00111  -1.22071 -0.717932  -1.07344  -1.22552
-0.975136  -1.77312 -0.998768  -1.21929 -0.716277  -1.07137  -1.22297
-0.972225  -1.77067 -0.996426  -1.21788 -0.714621   -1.0693  -1.22041
-0.969309  -1.76822 -0.994083  -1.21645 -0.712963  -1.06722  -1.21784
-0.966389  -1.76576 -0.991737  -1.21503 -0.711303  -1.06515  -1.21528
-0.963464   -1.7633 -0.989391  -1.21359 -0.709642  -1.06307  -1.21272
-0.960535  -1.76084 -0.987042  -1.21216 -0.707978  -1.06099  -1.21015
  -0.9576  -1.75837 -0.984692  -1.21072 -0.706313  -1.05891  -1.20758
-0.954662  -1.75589  -0.98234  -1.20927 -0.704647  -1.05683  -1.20501
-0.951718  -1.75341 -0.979987  -1.20782 -0.702978  -1.05475  -1.20243
 -0.94877  -1.75092 -0.977632  -1.20637 -0.701308  -1.05267  -1.19986
-0.945818  -1.74843 -0.975276  -1.20491 -0.699636  -1.05059  -1.19728
 -0.94286  -1.74593 -0.972917  -1.20345 -0.697963  -1.04851   -1.1947
-0.939899  -1.74343 -0.970558  -1.20198 -0.696288  -1.04642  -1.19212
-0.936933  -1.74092 -0.968196  -1.20051 -0.694611  -1.04434  -1.18954
-0.933962  -1.73841 -0.965833  -1.19904 -0.692932  -1.04225  -1.18695
-0.930987  -1.73589 -0.963469  -1.19756 -0.691252  -1.04017  -1.18437
-0.928007  -1.73337 -0.961102  -1.19607  -0.68957  -1.03808  -1.18178
-0.925023  -1.73084 -0.958735  -1.19459 -0.687887  -1.03599  -1.17919
-0.922034  -1.72831 -0.956365  -1.19309 -0.686202  -1.03391  -1.17659
-0.919041  -1.72577 -0.953995   -1.1916 -0.684515  -1.03182    -1.174
-0.916044  -1.72323 -0.951622   -1.1901 -0.682826  -1.02973  -1.17141
-0.913042  -1.72068 -0.949248  -1.18859 -0.681136  -1.02764  -1.16881
-0.910036  -1.71813 -0.946873  -1.18708 -0.679444  -1.02555  -1.16621
-0.907026  -1.71557 -0.944496  -1.18557 -0.677751  -1.02345  -1.16361
-0.904011  -1.71301 -0.942118  -1.18405 -0.676056  -1.02136    -1.161
-0.900992  -1.71044 -0.939738  -1.18253 -0.674359  -1.01927   -1.1584
-0.897969  -1.70787 -0.937356    -1.181 -0.672661  -1.01717  -1.15579
-0.894942  -1.70529 -0.934973  -1.17947 -0.670961  -1.01508  -1.15319
 -0.89191  -1.70271 -0.932589  -1.17793 -0.669259  -1.01298  -1.15058
-0.888874  -1.70012 -0.930203   -1.1764 -0.667556  -1.01089  -1.14796
-0.885834  -1.69753 -0.927815  -1.17485 -0.665852  -1.00879  -1.14535
-0.882789  -1.69493 -0.925427   -1.1733 -0.664145  -1.00669  -1.14274
-0.879741  -1.69233 -0.923036  -1.17175 -0.662438   -1.0046  -1.14012
-0.876688  -1.68972 -0.920645   -1.1702 -0.660728   -1.0025   -1.1375
-0.873631  -1.68711 -0.918251  -1.16863 -0.659017   -1.0004  -1.13488
 -0.87057   -1.6845 -0.915857  -1.16707 -0.657305 -0.998299  -1.13226
-0.867505  -1.68188 -0.913461   -1.1655  -0.65559 -0.996199  -1.12964
-0.864436  -1.67925 -0.911063  -1.16393 -0.653875 -0.994098  -1.12702
-0.861363  -1.67662 -0.908664  -1.16235 -0.652158 -0.991996  -1.12439
-0.858286  -1.67399 -0.906264  -1.16077 -0.650439 -0.989894  -1.12176
-0.855205  -1.67135 -0.903862  -1.15918 -0.648718 -0.987792  -1.11913
-0.852119   -1.6687 -0.901459  -1.15759 -0.646997 -0.985688   -1.1165
 -0.84903  -1.66606 -0.899055    -1.156 -0.645273 -0.983584  -1.11387
-0.845937   -1.6634 -0.896649   -1.1544 -0.643548  -0.98148  -1.11124
 -0.84284  -1.66075 -0.894241  -1.15279 -0.641822 -0.979375   -1.1086
-0.839739  -1.65808 -0.891833  -1.15119 -0.640094  -0.97727  -1.10597
-0.836634  -1.65542 -0.889423  -1.14958 -0.638365 -0.975164  -1.10333
-0.833525  -1.65275 -0.887012  -1.14796 -0.636634 -0.973058  -1.10069
-0.830412  -1.65007 -0.884599  -1.14634 -0.634901 -0.970951  -1.09805
-0.827296  -1.64739 -0.882185  -1.14472 -0.633167 -0.968844  -1.09541
-0.824176   -1.6447  -0.87977  -1.14309 -0.631432 -0.966736  -1.09277
-0.821051  -1.64202 -0.877353  -1.14146 -0.629695 -0.964627  -1.09012
-0.817924  -1.63932 -0.874935  -1.13982 -0.627957 -0.962519  -1.08748
-0.814792  -1.63662 -0.872516  -1.13818 -0.626217 -0.960409  -1.08483
-0.811656  -1.63392 -0.870095  -1.13653 -0.624476   -0.9583  -1.08218
-0.808517  -1.63121 -0.867674  -1.13489 -0.622733  -0.95619  -1.07953
-0.805374   -1.6285 -0.865251  -1.13323 -0.620989 -0.954079  -1.07688
-0.802228  -1.62579 -0.862826  -1.13157 -0.619244 -0.951968  -1.07423
-0.799077  -1.62307 -0.860401  -1.12991 -0.617497 -0.949857  -1.07157
-0.795923  -1.62034 -0.857974  -1.12825 -0.615748 -0.947746  -1.06892
-0.792766  -1.61762 -0.855545  -1.12658 -0.613998 -0.945633  -1.06626
-0.789605  -1.61488 -0.853116   -1.1249 -0.612247 -0.943521   -1.0636
 -0.78644  -1.61215 -0.850685  -1.12323 -0.610494 -0.941408  -1.06095
-0.783271  -1.60941 -0.848254  -1.12154  -0.60874 -0.939295  -1.05829
  -0.7801  -1.60666 -0.845821  -1.11986 -0.606985 -0.937182  -1.05563
-0.776924  -1.60391 -0.843386  -1.11817 -0.605228 -0.935068  -1.05296
-0.773745  -1.60116 -0.840951  -1.11647  -0.60347 -0.932954   -1.0503
-0.770563   -1.5984 -0.838514  -1.11478  -0.60171 -0.930839  -1.04763
-0.767377  -1.59564 -0.836076  -1.11307 -0.599949 -0.928724  -1.04497
-0.764187  -1.59287 -0.833637  -1.11137 -0.598187 -0.926609   -1.0423
-0.760994   -1.5901 -0.831197  -1.10966 -0.596423 -0.924494  -1.03963
-0.757798  -1.58733 -0.828755  -1.10794 -0.594658 -0.922378  -1.03697
-0.754598  -1.58455 -0.826313  -1.10622 -0.592892 -0.920262   -1.0343
-0.751395  -1.58177 -0.823869   -1.1045 -0.591124 -0.918146  -1.03162
-0.748189  -1.57898 -0.821424  -1.10277 -0.589355  -0.91603  -1.02895
-0.744979  -1.57619 -0.818978  -1.10104 -0.587584 -0.913913  -1.02628
-0.741766  -1.57339 -0.816531  -1.09931 -0.585813 -0.911796   -1.0236
 -0.73855   -1.5706 -0.814083  -1.09757  -0.58404 -0.909679  -1.02093
 -0.73533  -1.56779 -0.811634  -1.09582 -0.582265 -0.907561  -1.01825
-0.732107  -1.56499 -0.809183  -1.09408 -0.580489 -0.905444  -1.01558
-0.728881  -1.56218 -0.806731  -1.09233 -0.578712 -0.903326   -1.0129
-0.725652  -1.55936 -0.804279  -1.09057 -0.576934 -0.901208  -1.01022
-0.722419  -1.55655 -0.801825  -1.08881 -0.575155  -0.89909  -1.00754
-0.719183  -1.55372  -0.79937  -1.08705 -0.573374 -0.896971  -1.00486
-0.715944   -1.5509 -0.796914  -1.08528 -0.571592 -0.894853  -1.00217
-0.712702  -1.54807 -0.794457  -1.08351 -0.569808 -0.892734 -0.999492
-0.709457  -1.54524 -0.791999  -1.08173 -0.568024 -0.890615 -0.996808
-0.706209   -1.5424  -0.78954  -1.07995 -0.566238 -0.888496 -0.994123
-0.702958  -1.53956  -0.78708  -1.07817 -0.564451 -0.886377 -0.991438
-0.699703  -1.53671 -0.784619  -1.07638 -0.562662 -0.884257 -0.988751
-0.696446  -1.53387 -0.782157  -1.07459 -0.560873 -0.882138 -0.986064
-0.693185  -1.53101 -0.779694   -1.0728 -0.559082 -0.880019 -0.983376
-0.689922  -1.52816 -0.777229    -1.071  -0.55729 -0.877899 -0.980687
-0.686655   -1.5253 -0.774764   -1.0692 -0.555497 -0.875779 -0.977997
-0.683386  -1.52244 -0.772298  -1.06739 -0.553702  -0.87366 -0.975307
-0.680113  -1.51957 -0.769831  -1.06558 -0.551906  -0.87154 -0.972616
-0.676838   -1.5167 -0.767363  -1.06376 -0.550109  -0.86942 -0.969924
 -0.67356  -1.51383 -0.764894  -1.06194 -0.548311   -0.8673 -0.967231
-0.670279  -1.51095 -0.762424  -1.06012 -0.546512  -0.86518 -0.964538
-0.666995  -1.50807 -0.759952  -1.05829 -0.544712  -0.86306 -0.961844
-0.663708  -1.50519 -0.757481  -1.05646  -0.54291  -0.86094 -0.959149
-0.660419   -1.5023 -0.755008  -1.05463 -0.541107  -0.85882 -0.956454
-0.657126  -1.49941 -0.752534  -1.05279 -0.539303   -0.8567 -0.953758
-0.653831  -1.49651 -0.750059  -1.05095 -0.537498 -0.854579 -0.951061
-0.650533  -1.49361 -0.747583   -1.0491 -0.535692 -0.852459 -0.948363
-0.647232  -1.49071 -0.745107  -1.04725 -0.533885 -0.850339 -0.945665
-0.643929  -1.48781 -0.742629   -1.0454 -0.532076 -0.848219 -0.942967
-0.640623   -1.4849 -0.740151  -1.04354 -0.530266 -0.846099 -0.940268
-0.637314  -1.48199 -0.737671  -1.04168 -0.528456 -0.843979 -0.937568
-0.634003  -1.47907 -0.735191  -1.03981 -0.526644 -0.841859 -0.934867
-0.630689  -1.47615  -0.73271  -1.03794 -0.524831 -0.839739 -0.932167
-0.627372  -1.47323 -0.730228  -1.03607 -0.523017  -0.83762 -0.929465
-0.624053  -1.47031 -0.727746  -1.03419 -0.521202   -0.8355 -0.926763
-0.620731  -1.46738 -0.725262  -1.03231 -0.519385  -0.83338 -0.924061
-0.617407  -1.46445 -0.722778  -1.03043 -0.517568 -0.831261 -0.921358
 -0.61408  -1.46151 -0.720292  -1.02854  -0.51575 -0.829141 -0.918654
 -0.61075  -1.45858 -0.717806  -1.02664  -0.51393 -0.827022  -0.91595
-0.607419  -1.45563 -0.715319  -1.02475  -0.51211 -0.824903 -0.913246
-0.604084  -1.45269 -0.712832  -1.02285 -0.510288 -0.822784 -0.910541
-0.600747  -1.44974 -0.710343  -1.02094 -0.508465 -0.820665 -0.907836
-0.597408  -1.44679 -0.707854  -1.01904 -0.506642 -0.818546  -0.90513
-0.594066  -1.44384 -0.705364  -1.01712 -0.504817 -0.816427 -0.902424
-0.590722  -1.44088 -0.702873  -1.01521 -0.502991 -0.814309 -0.899718
-0.587376  -1.43792 -0.700381  -1.01329 -0.501165 -0.812191 -0.897011
-0.584027  -1.43496 -0.697889  -1.01137 -0.499337 -0.810073 -0.894304
-0.580676  -1.43199 -0.695396  -1.00944 -0.497508 -0.807955 -0.891596
-0.577323  -1.42902 -0.692902  -1.00751 -0.495678 -0.805837 -0.888888
-0.573967  -1.42605 -0.690407  -1.00557 -0.493848 -0.803719  -0.88618
-0.570609  -1.42308 -0.687912  -1.00364 -0.492016 -0.801602 -0.883472
-0.567249   -1.4201 -0.685416  -1.00169 -0.490183 -0.799485 -0.880763
-0.563887  -1.41712 -0.682919 -0.999749 -0.488349 -0.797368 -0.878054
-0.560522  -1.41414 -0.680421   -0.9978 -0.486515 -0.795252 -0.875345
-0.557155  -1.41115 -0.677923 -0.995847 -0.484679 -0.793135 -0.872635
-0.553786  -1.40816 -0.675424  -0.99389 -0.482843 -0.791019 -0.869925
-0.550415  -1.40517 -0.672925 -0.991929 -0.481005 -0.788903 -0.867215
-0.547042  -1.40217 -0.670424 -0.989965 -0.479167 -0.786788 -0.864505
-0.543667  -1.39918 -0.667923 -0.987998 -0.477327 -0.784672 -0.861795
-0.540289  -1.39618 -0.665422 -0.986026 -0.475487 -0.782558 -0.859084
 -0.53691  -1.39317  -0.66292 -0.984051 -0.473646 -0.780443 -0.856373
-0.533528  -1.39017 -0.660417 -0.982072 -0.471804 -0.778328 -0.853663
-0.530145  -1.38716 -0.657913  -0.98009 -0.469961 -0.776214 -0.850952
 -0.52676  -1.38415 -0.655409 -0.978103 -0.468117 -0.774101  -0.84824
-0.523372  -1.38113 -0.652904 -0.976113 -0.466272 -0.771987 -0.845529
-0.519983  -1.37811 -0.650399  -0.97412 -0.464426 -0.769874 -0.842818
-0.516591   -1.3751 -0.647893 -0.972123  -0.46258 -0.767762 -0.840107
-0.513198  -1.37207 -0.645386 -0.970122 -0.460732 -0.765649 -0.837395
-0.509803  -1.36905 -0.642879 -0.968118 -0.458884 -0.763537 -0.834684
-0.506406  -1.36602 -0.640371  -0.96611 -0.457035 -0.761426 -0.831972
-0.503007  -1.36299 -0.637863 -0.964098 -0.455185 -0.759315 -0.829261
-0.499607  -1.35996 -0.635354 -0.962083 -0.453334 -0.757204 -0.826549
-0.496204  -1.35692 -0.632845 -0.960064 -0.451482 -0.755093 -0.823837
  -0.4928  -1.35389 -0.630335 -0.958041  -0.44963 -0.752984 -0.821126
-0.489394  -1.35085 -0.627824 -0.956015 -0.447776 -0.750874 -0.818414
-0.485986   -1.3478 -0.625313 -0.953986 -0.445922 -0.748765 -0.815703
-0.482577  -1.34476 -0.622802 -0.951953 -0.444067 -0.746656 -0.812992
-0.479166  -1.34171 -0.620289 -0.949916 -0.442212 -0.744548  -0.81028
-0.475753  -1.33866 -0.617777 -0.947875 -0.440355  -0.74244 -0.807569
-0.472339  -1.33561 -0.615264 -0.945832 -0.438498 -0.740333 -0.804858
-0.468923  -1.33256  -0.61275 -0.943784  -0.43664 -0.738226 -0.802147
-0.465505   -1.3295 -0.610236 -0.941733 -0.434781  -0.73612 -0.799436
-0.462086  -1.32644 -0.607721 -0.939679 -0.432921 -0.734014 -0.796725
-0.458665  -1.32338 -0.605206 -0.937621 -0.431061 -0.731908 -0.794015
-0.455242  -1.32031 -0.602691 -0.935559   -0.4292 -0.729803 -0.791304
-0.451818  -1.31725 -0.600175 -0.933494 -0.427338 -0.727699 -0.788594
-0.448393  -1.31418 -0.597659 -0.931425 -0.425475 -0.725595 -0.785884
-0.444966  -1.31111 -0.595142 -0.929353 -0.423612 -0.723492 -0.783174
-0.441538  -1.30804 -0.592624 -0.927278 -0.421748 -0.721389 -0.780465
-0.438108  -1.30496 -0.590107 -0.925199 -0.419883 -0.719287 -0.777756
-0.434677  -1.30189 -0.587589 -0.923116 -0.418018 -0.717185 -0.775047
-0.431244  -1.29881  -0.58507  -0.92103 -0.416151 -0.715084 -0.772338
 -0.42781  -1.29573 -0.582551 -0.918941 -0.414284 -0.712984 -0.769629
-0.424375  -1.29264 -0.580032 -0.916848 -0.412417 -0.710884 -0.766921
-0.420938  -1.28956 -0.577512 -0.914752 -0.410549 -0.708784 -0.764213
  -0.4175  -1.28647 -0.574992 -0.912652  -0.40868 -0.706685 -0.761506
-0.414061  -1.28338 -0.572472 -0.910549  -0.40681 -0.704587 -0.758798
 -0.41062  -1.28029 -0.569951 -0.908442  -0.40494  -0.70249 -0.756092
-0.407178   -1.2772  -0.56743 -0.906332 -0.403069 -0.700393 -0.753385
-0.403735   -1.2741 -0.564908 -0.904219 -0.401198 -0.698296 -0.750679
-0.400291    -1.271 -0.562387 -0.902102 -0.399325 -0.696201 -0.747973
-0.396845   -1.2679 -0.559865 -0.899982 -0.397453 -0.694106 -0.745268
-0.393399   -1.2648 -0.557342 -0.897858 -0.395579 -0.692011 -0.742563
-0.389951   -1.2617 -0.554819 -0.895731 -0.393705 -0.689917 -0.739859
-0.386502   -1.2586 -0.552296 -0.893601 -0.391831 -0.687824 -0.737155
-0.383052  -1.25549 -0.549773 -0.891467 -0.389955 -0.685732 -0.734451
-0.379601  -1.25238 -0.547249  -0.88933  -0.38808  -0.68364 -0.731748
-0.376149  -1.24927 -0.544725 -0.887189 -0.386203 -0.681549 -0.729046
-0.372695  -1.24616 -0.542201 -0.885046 -0.384326 -0.679459 -0.726344
-0.369241  -1.24304 -0.539677 -0.882899 -0.382449 -0.677369 -0.723642
-0.365786  -1.23993 -0.537152 -0.880748 -0.380571 -0.675281 -0.720941
 -0.36233  -1.23681 -0.534627 -0.878594 -0.378692 -0.673192 -0.718241
-0.358873  -1.23369 -0.532102 -0.876437 -0.376813 -0.671105 -0.715541
-0.355415  -1.23057 -0.529576 -0.874277 -0.374933 -0.669018 -0.712841
-0.351956  -1.22745 -0.527051 -0.872113 -0.373053 -0.666932 -0.710143
-0.348496  -1.22432 -0.524525 -0.869947 -0.371172 -0.664847 -0.707445
-0.345035   -1.2212 -0.521999 -0.867776 -0.369291 -0.662763 -0.704747
-0.341574  -1.21807 -0.519473 -0.865603 -0.367409 -0.660679  -0.70205
-0.338111  -1.21494 -0.516946 -0.863426 -0.365527 -0.658596 -0.699354
-0.334648  -1.21181  -0.51442 -0.861246 -0.363644 -0.656514 -0.696658
-0.331184  -1.20868 -0.511893 -0.859063  -0.36176 -0.654433 -0.693964
-0.327719  -1.20555 -0.509366 -0.856877 -0.359877 -0.652353 -0.691269
-0.324254  -1.20241 -0.506839 -0.854687 -0.357992 -0.650273 -0.688576
-0.320788  -1.19927 -0.504311 -0.852494 -0.356108 -0.648194 -0.685883
-0.317321  -1.19614 -0.501784 -0.850298 -0.354222 -0.646116 -0.683191
-0.313853    -1.193 -0.499256 -0.848098 -0.352337 -0.644039   -0.6805
-0.310385  -1.18986 -0.496729 -0.845896 -0.350451 -0.641963 -0.677809
-0.306916  -1.18671 -0.494201  -0.84369 -0.348564 -0.639887 -0.675119
-0.303447  -1.18357 -0.491673 -0.841481 -0.346677 -0.637813  -0.67243
-0.299977  -1.18043 -0.489145 -0.839269  -0.34479 -0.635739 -0.669742
-0.296506  -1.17728 -0.486617 -0.837054 -0.342902 -0.633666 -0.667055
-0.293035  -1.17413 -0.484089 -0.834836 -0.341014 -0.631594 -0.664368
-0.289563  -1.17098  -0.48156 -0.832614 -0.339125 -0.629523 -0.661682
-0.286091  -1.16783 -0.479032  -0.83039 -0.337236 -0.627453 -0.658998
-0.282618  -1.16468 -0.476504 -0.828162 -0.335347 -0.625384 -0.656313
-0.279145  -1.16153 -0.473975 -0.825931 -0.333457 -0.623315  -0.65363
-0.275672  -1.15837 -0.471447 -0.823697 -0.331567 -0.621248 -0.650948
-0.272198  -1.15522 -0.468918  -0.82146 -0.329677 -0.619181 -0.648267
-0.268723  -1.15206  -0.46639 -0.819219 -0.327786 -0.617116 -0.645586
-0.265249  -1.14891 -0.463861 -0.816976 -0.325894 -0.615051 -0.642907
-0.261773  -1.14575 -0.461333  -0.81473 -0.324003 -0.612987 -0.640228
-0.258298  -1.14259 -0.458804  -0.81248 -0.322111 -0.610925 -0.637551
-0.254822  -1.13943 -0.456275 -0.810228 -0.320219 -0.608863 -0.634874
-0.251346  -1.13627 -0.453747 -0.807972 -0.318326 -0.606802 -0.632198
 -0.24787   -1.1331 -0.451218 -0.805713 -0.316434 -0.604743 -0.629524
-0.244393  -1.12994  -0.44869 -0.803452  -0.31454 -0.602684  -0.62685
-0.240917  -1.12677 -0.446161 -0.801187 -0.312647 -0.600626 -0.624177
 -0.23744  -1.12361 -0.443633 -0.798919 -0.310753 -0.598569 -0.621506
-0.233962  -1.12044 -0.441104 -0.796648 -0.308859 -0.596514 -0.618835
-0.230485  -1.11727 -0.438576 -0.794375 -0.306965 -0.594459 -0.616166
-0.227008  -1.11411 -0.436048 -0.792098 -0.305071 -0.592405 -0.613497
 -0.22353  -1.11094 -0.433519 -0.789818 -0.303176 -0.590353  -0.61083
-0.220052  -1.10777 -0.430991 -0.787535 -0.301281 -0.588301 -0.608164
-0.216575  -1.10459 -0.428463  -0.78525 -0.299385  -0.58625 -0.605499
-0.213097  -1.10142 -0.425935 -0.782961  -0.29749 -0.584201 -0.602835
-0.209619  -1.09825 -0.423407 -0.780669 -0.295594 -0.582153 -0.600172
-0.206141  -1.09508  -0.42088 -0.778375 -0.293698 -0.580105  -0.59751
-0.202663   -1.0919 -0.418352 -0.776077 -0.291802 -0.578059  -0.59485
-0.199185  -1.08873 -0.415825 -0.773777 -0.289906 -0.576014 -0.592191
-0.195708  -1.08555 -0.413297 -0.771474 -0.288009  -0.57397 -0.589533
 -0.19223  -1.08237  -0.41077 -0.769167 -0.286112 -0.571927 -0.586876
-0.188752   -1.0792 -0.408243 -0.766858 -0.284215 -0.569885  -0.58422
-0.185275  -1.07602 -0.405716 -0.764546 -0.282318 -0.567844 -0.581566
-0.181797  -1.07284  -0.40319 -0.762231 -0.280421 -0.565805 -0.578913
 -0.17832  -1.06966 -0.400663 -0.759913 -0.278524 -0.563766 -0.576261
-0.174843  -1.06648 -0.398137 -0.757593 -0.276626 -0.561729  -0.57361
-0.171366   -1.0633 -0.395611 -0.755269 -0.274728 -0.559693 -0.570961
 -0.16789  -1.06012 -0.393085 -0.752943  -0.27283 -0.557658 -0.568313
-0.164413  -1.05694 -0.390559 -0.750614 -0.270932 -0.555624 -0.565666
-0.160937  -1.05375 -0.388034 -0.748282 -0.269034 -0.553591 -0.563021
-0.157462  -1.05057 -0.385508 -0.745947 -0.267136  -0.55156 -0.560377
-0.153986  -1.04739 -0.382983 -0.743609 -0.265238 -0.549529 -0.557734
-0.150511   -1.0442 -0.380459 -0.741269 -0.263339   -0.5475 -0.555093
-0.147036  -1.04102 -0.377934 -0.738925 -0.261441 -0.545472 -0.552453
-0.143562  -1.03784  -0.37541 -0.736579 -0.259542 -0.543446 -0.549815
-0.140088  -1.03465 -0.372886  -0.73423 -0.257643  -0.54142 -0.547178
-0.136614  -1.03147 -0.370362 -0.731879 -0.255744 -0.539396 -0.544542
-0.133141  -1.02828 -0.367839 -0.729524 -0.253846 -0.537373 -0.541908
-0.129668  -1.02509 -0.365316 -0.727167 -0.251947 -0.535351 -0.539275
-0.126196  -1.02191 -0.362793 -0.724807 -0.250048 -0.533331 -0.536644
-0.122724  -1.01872  -0.36027 -0.722445 -0.248149 -0.531312 -0.534014
-0.119253  -1.01553 -0.357748 -0.720079  -0.24625 -0.529294 -0.531386
-0.115782  -1.01235 -0.355226 -0.717711 -0.244351 -0.527277 -0.528759
-0.112312  -1.00916 -0.352704 -0.715341 -0.242452 -0.525261 -0.526134
-0.108842  -1.00597 -0.350183 -0.712967 -0.240553 -0.523247  -0.52351
-0.105373  -1.00278 -0.347662 -0.710591 -0.238654 -0.521234 -0.520888
-0.101905 -0.999597 -0.345142 -0.708212 -0.236754 -0.519223 -0.518267
-0.0984372  -0.996409  -0.342622  -0.705831  -0.234855  -0.517212  -0.515648
-0.0949702   -0.99322  -0.340102  -0.703447  -0.232956  -0.515203  -0.513031
-0.0915038  -0.990032  -0.337582   -0.70106  -0.231057  -0.513196  -0.510415
-0.0880382  -0.986843  -0.335063   -0.69867  -0.229158  -0.511189    -0.5078
-0.0845733  -0.983655  -0.332545  -0.696278   -0.22726  -0.509184  -0.505188
-0.0811092  -0.980466  -0.330027  -0.693884  -0.225361  -0.507181  -0.502577
-0.0776458  -0.977277  -0.327509  -0.691486  -0.223462  -0.505178  -0.499967
-0.0741832  -0.974089  -0.324991  -0.689087  -0.221563  -0.503177  -0.497359
-0.0707214    -0.9709  -0.322475  -0.686684  -0.219665  -0.501178  -0.494753
-0.0672605  -0.967711  -0.319958  -0.684279  -0.217766   -0.49918  -0.492149
-0.0638004  -0.964523  -0.317442  -0.681871  -0.215867  -0.497183  -0.489546
-0.0603412  -0.961334  -0.314926  -0.679461  -0.213969  -0.495187  -0.486945
-0.0568829  -0.958146  -0.312411  -0.677048  -0.212071  -0.493193  -0.484346
-0.0534255  -0.954957  -0.309896  -0.674633  -0.210173    -0.4912  -0.481749
-0.0499691  -0.951769  -0.307382  -0.672215  -0.208275  -0.489209  -0.479153
-0.0465136  -0.948581  -0.304869  -0.669795  -0.206377  -0.487219  -0.476559
-0.0430591  -0.945393  -0.302355  -0.667372  -0.204479  -0.485231  -0.473966
-0.0396056  -0.942205  -0.299843  -0.664947  -0.202581  -0.483244  -0.471376
-0.0361532  -0.939018   -0.29733  -0.662519  -0.200684  -0.481258  -0.468787
-0.0327017   -0.93583  -0.294819  -0.660088  -0.198787  -0.479274  -0.466201
-0.0292514  -0.932643  -0.292307  -0.657655  -0.196889  -0.477291  -0.463616
-0.0258021  -0.929457  -0.289797   -0.65522  -0.194992   -0.47531  -0.461032
-0.0223539   -0.92627  -0.287287  -0.652782  -0.193096   -0.47333  -0.458451
-0.0189069  -0.923084  -0.284777  -0.650342  -0.191199  -0.471352  -0.455872
-0.015461 -0.919898 -0.282268 -0.647899 -0.189303 -0.469375 -0.453294
-0.0120163  -0.916712   -0.27976  -0.645454  -0.187406  -0.467399  -0.450718
-0.00857276   -0.913527   -0.277252   -0.643007    -0.18551   -0.465425   -0.448144
-0.00513045   -0.910343   -0.274744   -0.640557   -0.183615   -0.463453   -0.445573
-0.00168936   -0.907158   -0.272238   -0.638104   -0.181719   -0.461482   -0.443003
0.00175047  -0.903974  -0.269732   -0.63565  -0.179824  -0.459512  -0.440435
0.00518902  -0.900791  -0.267226  -0.633192  -0.177929  -0.457544  -0.437868
0.00862629  -0.897608  -0.264721  -0.630733  -0.176034  -0.455578  -0.435304
0.0120622 -0.894425 -0.262217 -0.628271 -0.174139 -0.453613 -0.432742
0.0154968 -0.891243 -0.259713 -0.625807 -0.172245  -0.45165 -0.430182
0.0189301 -0.888062  -0.25721  -0.62334 -0.170351 -0.449688 -0.427624
 0.022362 -0.884881 -0.254708 -0.620871 -0.168457 -0.447728 -0.425068
0.0257925   -0.8817 -0.252206   -0.6184 -0.166564 -0.445769 -0.422514
0.0292215 -0.878521 -0.249705 -0.615926 -0.164671 -0.443812 -0.419962
0.0326491 -0.875341 -0.247205 -0.613451 -0.162778 -0.441856 -0.417412
0.0360753 -0.872163 -0.244705 -0.610972 -0.160885 -0.439902 -0.414864
   0.0395 -0.868985 -0.242206 -0.608492 -0.158993 -0.437949 -0.412318
0.0429232 -0.865808 -0.239708 -0.606009 -0.157101 -0.435998 -0.409774
0.0463448 -0.862631  -0.23721 -0.603524  -0.15521 -0.434049 -0.407232
 0.049765 -0.859455 -0.234713 -0.601037 -0.153319 -0.432101 -0.404693
0.0531835  -0.85628 -0.232217 -0.598547 -0.151428 -0.430155 -0.402155
0.0566005 -0.853106 -0.229721 -0.596056 -0.149537 -0.428211  -0.39962
0.0600159 -0.849932 -0.227227 -0.593562 -0.147647 -0.426268 -0.397087
0.0634296  -0.84676 -0.224733 -0.591065 -0.145757 -0.424327 -0.394555
0.0668417 -0.843588 -0.222239 -0.588567 -0.143868 -0.422387 -0.392027
0.0702522 -0.840416 -0.219747 -0.586066 -0.141979 -0.420449   -0.3895
0.0736609 -0.837246 -0.217255 -0.583564 -0.140091 -0.418513 -0.386975
 0.077068 -0.834077 -0.214764 -0.581059 -0.138202 -0.416578 -0.384453
0.0804733 -0.830908 -0.212274 -0.578552 -0.136315 -0.414645 -0.381933
0.0838769  -0.82774 -0.209784 -0.576042 -0.134427 -0.412713 -0.379415
0.0872787 -0.824574 -0.207296 -0.573531  -0.13254 -0.410784   -0.3769
0.0906787 -0.821408 -0.204808 -0.571017 -0.130654 -0.408855 -0.374386
