dataQdotdot
0 0 0 0 0 0 0
-375.735  -1034.6 -644.993 -906.418 -539.611 -434.887 -553.069
-377.186  -772.11 -449.802 -680.744 -433.382 -399.846 -641.399
-257.171 -575.343 -341.534 -508.165  -296.36 -278.727 -388.049
 -175.33 -427.455 -256.475 -377.971 -206.211 -195.115 -241.035
-118.883 -316.226 -190.827 -279.985 -144.533 -136.631 -151.126
-79.5013 -232.548 -140.606 -206.298 -101.438 -95.2794  -94.188
-51.7862 -169.597 -102.375 -150.897 -70.9835  -65.813 -57.4044
-32.1625 -122.248 -73.3642 -109.254 -49.3088 -44.9246 -33.1248
-18.0882 -86.6149 -51.4018 -77.9362  -33.807 -29.4544 -17.7766
-8.26672  -59.824  -34.807 -54.4031 -22.6721 -18.5308 -7.35291
 -1.14389  -39.6762  -22.2899  -36.7154  -14.6493  -10.6276 -0.630533
 3.94671 -24.5333 -12.8672 -23.4221  -8.8549 -4.91018  3.83839
  7.58396  -13.1507  -5.77835  -13.4342  -4.65269 -0.766909    6.6774
  10.1781  -4.59941 -0.453076  -5.93141  -1.59798   2.23779   8.48687
 12.0225   1.8211  3.54315 -0.29717 0.627669  4.41834  9.62062
13.3272 6.63833 6.53923 3.93215 2.25324 6.00167 10.3138
 14.243 10.2492 8.78354 7.10515 3.44318 7.15182 10.7223
14.8785 12.9523 10.4635  9.4838 4.31607 7.98752  10.949
15.3116 14.9724 11.7199 11.2652 4.95771 8.59477 11.0612
15.5988 16.4786 12.6587 12.5974 5.43046 9.03578 11.1029
15.7812 17.5982 13.3595 13.5919 5.77926 9.35616 11.1024
15.8871 18.4267  13.882 14.3324 6.03756 9.58822 11.0775
15.9388 19.0365 14.2702 14.8817 6.22937 9.75604 11.0395
15.9504 19.4814 14.3859 15.2914 6.36762 9.87951 10.9961
15.9358  19.803 14.8199 15.5842 6.47491 9.96161 10.9488
15.9008 20.0313 14.9605 15.8006 6.55926 10.0234 10.9026
15.8517 20.1895 15.0622 15.9558 6.62281 10.0662 10.8575
15.7928  20.295 15.1534 16.0647 6.67203  10.095 10.8138
15.7274 20.3612 15.1773 16.1392  6.7099 10.1134 10.7721
15.6573 20.3976 15.2102 16.1873 6.73965 10.1236 10.7322
15.5848 20.4116 15.2286 16.2156 6.76429 10.1284 10.6937
15.5104  20.409 15.2358 16.2291 6.78516 10.1282 10.6566
15.4356 20.3938 15.2342 16.2313 6.80328 10.1247 10.6209
15.3609 20.3694 15.2254 16.2249 6.81995 10.1187 10.5864
15.2853 20.3376 15.2102 16.2121 6.83453 10.1092 10.5514
15.2109 20.3004 15.1909 16.1951 6.84904 10.0983 10.5174
15.1379 20.2601 15.1677 16.1735 6.86245 10.0865 10.4846
15.0653 20.2164 15.1409 16.1494 6.87587 10.0727 10.4514
14.9941 20.1707  15.111 16.1233 6.88888 10.0582  10.419
14.9239 20.1233 15.0788 16.0954 6.90187 10.0424 10.3864
14.8548 20.0749 15.0443 16.0663 6.91477 10.0256  10.354
14.7869 20.0256 15.0078 16.0363 6.92766  10.008 10.3217
14.7201 19.9757 14.9697 16.0055 6.94045 9.98956 10.2894
14.6545 19.9254 14.9298 15.9742 6.95336 9.97042 10.2572
14.5903 19.8756 14.8891 15.9491 6.96473  9.9508 10.2264
14.5267 19.8242 14.8456 15.9085 6.97227 9.93001 10.1929
14.4643 19.7732 14.8022 15.8765 6.99442 9.90894 10.1608
14.4032 19.7224 14.7578 15.8441 6.99526 9.88729 10.1288
 14.343 19.6715 14.7116 15.8117  7.0218 9.86508 10.0969
14.2839 19.6208 14.6652  15.779 7.03251  9.8424 10.0646
14.2256   19.57 14.6179 15.7461 7.04374  9.8192 10.0324
14.1684 19.5193 14.5698 15.7131 7.05523 9.79553 10.0004
 14.112 19.4687 14.5209 15.6799 7.06685 9.77142 9.96847
14.0566 19.4182 14.4713 15.6468 7.07834 9.74689 9.93666
14.0019 19.3679 14.4212 15.6136 7.08977 9.72197 9.90484
13.9481 19.3175 14.3706 15.5803 7.10124 9.69666 9.87311
13.8951 19.2673 14.3195 15.5473 7.11183 9.67109 9.84144
13.8428 19.2172 14.2679 15.5136 7.12326 9.64499 9.80991
13.7913 19.1671 14.2164 15.4801 7.13391 9.61868 9.77849
13.7405 19.1172 14.1638 15.4467 7.14436 9.59206 9.74668
13.6904 19.0673 14.1114 15.4134 7.15451 9.56518 9.71525
13.6409 19.0176 14.0587 15.3804 7.16441 9.53801 9.68402
13.5921  18.968 14.0057 15.3466 7.17414 9.51059 9.65272
 13.544 18.9185 13.9526 15.3131 7.18351 9.48294 9.62149
13.4962  18.869 13.8993 15.2799 7.19253 9.45505 9.59039
13.4491 18.8197 13.8459 15.2465 7.20131 9.42699 9.55946
13.4026 18.7705 13.7923 15.2131 7.20983 9.39868 9.52843
13.3566 18.7214 13.7387 15.1807 7.21803 9.37034 9.49768
13.3109 18.6721 13.6855 15.1465 7.22552 9.34171 9.46695
13.2663 18.6232 13.6315 15.1128 7.23339 9.31271 9.43612
13.2217 18.5743 13.5779 15.0797 7.24059 9.28378 9.40558
13.1777 18.5255 13.5242 15.0464 7.24748 9.25472 9.37514
13.1341 18.4769 13.4706 15.0132 7.25406 9.22552 9.34479
13.0909 18.4283 13.4171 14.9799 7.26033  9.1962 9.31455
13.0481 18.3798 13.3636 14.9466 7.26626 9.16681 9.28445
13.0057 18.3312 13.3102 14.9136 7.27192 9.13726 9.25434
12.9637 18.2828 13.2569 14.8803 7.27724 9.10765 9.22441
12.9221 18.2346 13.2038 14.8471 7.28232 9.07797 9.19462
12.8808 18.1867 13.1506 14.8164 7.28666  9.0482 9.16497
12.8399 18.1383 13.0978 14.7804 7.29137 9.01838 9.13522
12.7993 18.0903  13.045 14.7473  7.2954  8.9885 9.10572
 12.759 18.0422 12.9924 14.7145 7.29914 8.95858 9.07632
 12.719 17.9944 12.9398 14.6817 7.30257 8.92863 9.04706
12.6793 17.9466 12.8877 14.6486  7.3057 8.89861 9.01785
12.6399 17.8989 12.8356 14.6156 7.30852 8.86858 8.98879
12.6008 17.8512 12.7837 14.5828 7.31103 8.83855 8.95985
 12.562 17.8036 12.7319 14.5498 7.31331 8.80848   8.931
12.5231 17.7562 12.6804 14.5179 7.31489  8.7784 8.90229
12.4851 17.7088 12.6291 14.4838 7.31703 8.74834 8.87367
12.4476 17.6615  12.578 14.4679 7.31858 8.71846 8.84546
 12.409 17.6142 12.5272 14.4051 7.31936 8.68813 8.81671
12.3713  17.567 12.4765 14.3844 7.31999 8.65809 8.78834
12.3339 17.5198 12.4261 14.3522 7.32064 8.62808 8.76025
12.2967 17.4728 12.3759 14.3197 7.32086 8.59806 8.73217
12.2597 17.4258  12.326 14.2871 7.32082 8.56807 8.70422
12.2229 17.3789 12.2763 14.2545 7.32052 8.53811 8.67639
12.1863 17.3323 12.2261 14.2506 7.32009  8.5087 8.64881
12.1497 17.2854 12.1778 14.1961 7.31933 8.47811 8.62129
12.1135 17.2388 12.1286  14.165 7.31824 8.44824 8.59359
12.0774 17.1927 12.0798 14.1424 7.31799 8.41861 8.56724
12.0416 17.1455 12.0314 14.0826 7.31496 8.38885 8.53879
12.0062 17.0986 11.9831 14.0419 7.31304 8.35912  8.5115
11.9703 17.0525  11.935 14.0211 7.31098 8.32971 8.48451
11.9346 17.0061 11.8873 13.9913 7.30859 8.30011 8.45742
11.8993 16.9603 11.8395 13.9561 7.30606 8.27016 8.43058
 11.864 16.9141 11.7924 13.9243 7.30325 8.24071  8.4037
11.8291  16.868 11.7455 13.8897 7.30023 8.21132 8.37727
11.7942 16.8217 11.6987 13.8658 7.29698 8.18201 8.35075
11.7593 16.7759 11.6522 13.8312 7.29353 8.15267 8.32434
11.7247   16.73 11.6059 13.7999 7.28984 8.12346 8.29796
11.6905 16.6837 11.5599  13.762 7.28593 8.09447 8.27174
11.6559 16.6383 11.5141 13.7469 7.28179 8.06517 8.24573
11.6213 16.5928 11.4686 13.6939 7.27746 8.03619 8.21974
11.5871 16.5472 11.4233 13.6779 7.27288 8.00727 8.19423
11.5531 16.5016 11.3783 13.6402 7.26816 7.97843 8.16789
 11.519 16.4561 11.3335 13.6047 7.26318 7.94965  8.1422
11.4854 16.4108 11.2889 13.5821 7.25803 7.92099 8.11665
11.4509 16.3653 11.2449 13.5491 7.25271 7.89226 8.09114
11.4177   16.32 11.2006 13.5063 7.24716 7.86404 8.06579
11.3845 16.2747 11.1569 13.4754 7.24133 7.83531 8.04041
11.3504 16.2296 11.1133 13.4466 7.23537 7.80699 8.01552
 11.317 16.1845   11.07 13.4167 7.22924 7.77867 7.98998
11.2835 16.1397  11.027 13.3833 7.22294 7.75049   7.965
11.2504 16.0947 10.9842 13.3518  7.2165 7.72239 7.94012
 68.0646  20.8839 -170.112  -2.8645  146.994  50.9096   15.484
 52.5431  19.5078 -112.262  2.44232  91.6491  42.3842  4.31243
  41.4228   18.5273  -74.0153   5.84907   58.2613   34.8557 0.0827375
  33.3868   17.8187  -48.4252   8.04719   38.2077   28.5431 -0.669382
 27.5339  17.2976 -31.1035  9.47692  26.1991  23.4193 0.119354
 23.2487  16.9076 -19.2512  10.4158  19.0283  19.3496  1.43804
 20.0899  16.6103 -11.0614  11.0385  14.7601  16.1655  2.79976
 17.7513  16.3793 -5.35162  11.4551  12.2295  13.7007  3.99878
 15.8658  16.2844 -1.32735  11.7948  11.0706  11.4906  4.97436
14.7474 16.0254 1.52149 11.9137 9.73155 10.4521 5.70122
13.7658 15.9086 3.52949 12.0425 9.26635 9.32531 6.27555
13.0258 15.8093 4.97019 12.1286 8.99566 8.47147  6.6874
12.4651 15.7232 6.00828 12.1847 8.83706 7.82508 6.97601
11.8054  15.518 6.75763 12.0908  8.5847 6.98275 7.17736
11.7663 15.6099  7.3126 12.2702 8.72323 7.06036 7.31348
11.4989 15.5385 7.70338 12.2702 8.66998 6.75211 7.39295
11.2713 15.5583 7.99409 12.4077 9.00844 6.40782 7.42989
11.1281 15.3911  8.2117 12.2194 8.45835 6.37274 7.44918
11.2126 15.3861  8.3486 12.3641 7.95809  6.0933 7.49356
10.4108 15.3861 8.41442 12.2163 8.14738  6.0738 7.52875
10.8004  15.384 8.51407 12.1962  8.2798 5.92901  7.5319
10.9347 15.0312 8.57776 12.1762 8.40695 6.06393 7.50191
 10.304 15.0298 8.61031 12.1564 8.52408 5.60301 7.48408
10.7805 15.0269 8.66876 12.1414 8.59922 6.30939 7.44681
10.7083 15.0241 8.67971 12.1261 8.68246 5.89538 7.41673
10.3951 15.0913 8.69675 12.1117 8.63069 5.44861 7.38203
10.5253  15.086 8.72187 11.8979 8.65258 6.09405  7.3472
10.4493 14.8783  8.7209 12.0162 8.18728 5.66814 7.31379
10.4543  14.954 8.71797  12.071 8.54496 5.86726  7.3113
10.3489 14.7733 8.70737 11.9598 8.04731 5.58517 7.28738
10.1965 14.6839 8.69548 11.8399 8.09881 5.65541 7.28749
10.3052 14.7177 8.68824 11.9468  8.0549 5.55947 7.27923
10.2636  14.676 8.67679 11.9187 8.05021 5.55738  7.2668
10.2239 14.6335 8.66707 11.8917 8.03524 5.55139 7.24985
10.1858 14.5907 8.65804 11.8655 8.01389 5.54228  7.2306
10.1488 14.5471 8.64916 11.8393 7.98856 5.53116 7.21032
10.1127 14.5037 8.64014 11.8139 7.96076 5.51847 7.18961
10.5498  14.657 8.62672 11.8704 7.61587 5.16048  7.1746
9.93158 14.3674 8.59726 11.7371 8.02302 5.58718 7.16927
 9.9224 14.3353 8.60218 11.7202 7.94574  5.5457 7.13279
9.85592 14.3241 8.59671 11.6038 7.70485 5.45723 7.11034
9.90285 14.2573 8.59001 11.7025 7.89762 5.49376 7.09107
 10.037 14.3031  8.5842 11.7755 7.83277 5.78998 7.06823
10.1662 14.0695 8.56407 11.7033 7.89618 5.47969 7.03405
9.19761 14.0517 8.54967 11.6221 7.94816 5.04943  7.0042
9.32023 14.0278  8.5778 11.6065 7.95686 5.92616 6.97329
9.90878 14.1069 8.57294 11.5295 7.45225 5.22605 6.95807
9.84526 14.0534 8.53809 11.5099 7.49671 5.24709  6.9613
 9.7885 14.0024 8.51337 11.4899 7.51324 5.25875 6.95154
10.1251 14.0264 8.48361 11.4359 6.93591 5.59503 6.94977
9.59874 13.8878 8.43988 11.4499 7.72075 5.16421 6.94898
9.57527 13.8456 8.45123 11.4299  7.6186 5.18955 6.90153
9.81444 13.8518 8.44566 11.4189 7.31453  5.7231 6.88126
9.69889 13.7897 8.41848 11.4106 7.39034 5.28385 6.86139
9.29124 13.6711 8.39493 11.3999 7.04523 4.86204 6.84192
9.41097  13.659  8.4021 11.3202 7.66684 5.12125 6.83339
9.39271 13.6307 8.40777  11.291 7.53453 5.13796 6.78463
9.63094 13.6247 8.40079 11.3114 7.13326 4.90823 6.74868
9.28755 13.5384 8.37396 11.2389 7.48443 5.20924  6.7539
9.53279 13.5278 8.36638 11.2979 7.20884 4.80319  6.7167
9.01014 13.5143 8.34742 11.1468 7.25765 5.94937  6.7119
9.06454 13.3999 8.32715 11.1446 7.29129 5.50811 6.67682
9.25643 13.3579 8.32244  11.163 7.29788 4.91055 6.65912
 9.3119 13.3278 8.29651 11.1623 6.55973 4.70393 6.67502
9.43355 13.3139 8.29516 11.1557 8.04746 4.54279 6.62073
9.07328 13.2356 8.29673 11.0723 7.05856 5.20094 6.57014
8.77032 13.2821 8.26563 11.0934  6.5628 4.65015 6.58565
9.11416 13.1387  8.2519  11.015 7.18883   5.246 6.58186
9.07437 13.0977 8.23257 10.9814 7.11752 5.17817 6.54739
8.69093 13.0808 8.20406 10.9758 6.69797 5.42095  6.5319
8.80717 12.9453 8.18162 10.9701 6.75401 5.06672 6.52853
9.09796 13.0134 8.17349 10.9327  7.1827 4.95494 6.50602
9.40959 13.0711 8.16796 10.8706  7.4785 5.48908 6.45542
8.62214 12.9639 8.14503 10.8713 7.48578 5.21714 6.39112
8.74231 12.7864 8.12941 10.9318 5.93998  4.8244 6.38402
8.90934 12.8302 8.09736  10.839 6.93105 4.72967 6.42811
8.85827 12.7913 8.08699 10.8174 6.87116 4.77488 6.39603
 8.8112 12.7519 8.07275  10.793 6.82456   4.803 6.37049
  8.768 12.7202 8.05641 10.7419 6.78598 4.81872 6.34816
8.72712 12.6701 8.03918 10.7502 6.75183 4.82653 6.32745
  8.688 12.6307 8.02038  10.728 6.72122 4.82796 6.30797
 8.6519 12.5905 8.00242 10.6976  6.6938 4.82511 6.28862
8.61617 12.5507 7.98394 10.6722 6.66667 4.81924 6.26936
8.58139 12.5105 7.96532 10.6474 6.64051 4.81123 6.24999
8.54749 12.4708 7.94658 10.6211 6.61478 4.80169 6.23056
8.99829   12.32  7.9273  10.592 6.15948 4.89089 6.21708
 8.3661 12.4188 7.87676 10.5688 6.73069 4.74805 6.22006
8.35949 12.3713 7.87805 10.5475  6.6422 4.74714 6.17871
8.34748 12.3259 7.86975 10.5248 6.57855 4.74185 6.14946
8.33111 12.2823 7.85589 10.5039 6.53024 4.73407 6.12636
8.31139 12.2389 7.83888 10.4766 6.49139 4.72401  6.1062
 8.2888 12.1969 7.82014 10.4523 6.45836 4.71321 6.08725
8.26416 12.1562 7.80048 10.4289  6.4289 4.70186 6.06873
8.23826 12.1143 7.78034 10.4034 6.40189 4.68978 6.05022
8.15149 12.1229 7.75728 10.3728 6.05245 4.37547 6.04195
8.21246 11.9703  7.7366 10.3638   6.472  4.7476 6.03548
8.16188 11.9972 7.71836 10.3275 6.39461 4.71355 5.99644
 10.4373  13.7158  63.9657  4.95027 -42.5581  112.115  11.8366
 10.7678  13.2164  46.2074  5.66214 -23.9836  85.8679  13.2842
 10.0784  12.9167  34.1843   6.4582 -12.2389  66.3502  12.8434
9.97579 12.6196 26.0403 7.12995 -5.1176  51.503 11.6707
  10.2485   12.3134   20.5177   7.78175 -0.787469   40.3666   10.3913
9.57221 12.1927 16.6386 8.19954 1.82564 31.7027 9.22453
9.24513 12.0623   13.98 8.71249 3.41318 25.2301 8.25301
 8.9519 11.9231 12.1204 8.93078 4.34715 20.2956 7.49028
8.69855 11.8293 10.8159 9.20343 4.91483 16.5362 6.91107
8.48426 11.7328  9.8907 9.39336 5.24297 13.6647 6.48016
8.30236 11.6611 9.23061 9.54452 5.42511  11.469 6.16393
8.14945 11.6053 8.75525 9.66241 5.52522 9.78839 5.93339
8.02056 11.5382 8.40809 9.73428  5.5737  8.4986 5.76517
7.91102 11.4754 8.15938  9.7412 5.58863 7.50863  5.6415
 7.8197 11.4399 7.96009 9.84191 5.58815 6.74709 5.54923
7.74204 11.3752 7.81586 9.88576 5.57775 6.16046 5.48005
7.67169 11.3531 7.70459 9.86659 5.56123  5.7072 5.42597
7.61167 11.3088 7.61677 9.87086 5.54136 5.35609 5.38192
7.55829  11.266 7.54589  9.8688 5.52013 5.08318 5.34513
7.51013 11.2245 7.48727 9.86207 5.49773 4.87015 5.31327
7.46617 11.1833 7.43752 9.85137 5.47504 4.70302 5.28479
7.42566 11.1432 7.39424 9.83807 5.45204 4.57108 5.25856
7.38752 11.1034  7.3557 9.82265 5.43008 4.46603 5.23389
7.35118 11.0562 7.32025 9.82122 5.40748 4.38156  5.2099
7.31697 11.0271 7.28818 9.78316 5.38484 4.31322 5.18761
7.28417 10.9867 7.25522 9.79705 5.36263 4.25753 5.16509
7.25118 10.9497 7.22872 9.73797 5.34067 4.21006 5.14309
7.21958 10.9109  7.2002 9.72038 5.31846 4.17026 5.12083
7.18388 10.8418 7.17092 9.73248 5.29664 4.13643 5.09848
 7.1594 10.8419 7.14591 9.67398 5.27491 4.10602 5.07788
7.12896 10.7741 7.12062 9.68461 5.25351 4.07844 5.05785
7.09888 10.7625 7.09174 9.58694 5.23179 4.05851 5.03285
7.06918 10.7471 7.06591 9.58261 5.21353 4.03216 5.01172
7.03988 10.6626 7.03961 9.57867  5.1859 4.01226 4.99143
7.01036  10.618 7.01383  9.5746 5.16359 3.99429 4.96852
6.98125 10.6079 6.98797 9.57036 5.14549 3.97314 4.94768
6.95125 10.5301 6.96367 9.56608 5.12465 3.95375  4.9294
6.92336  10.557   6.936 9.51932 5.10294 3.93802 4.90565
6.89446 10.5154 6.91027 9.49532 5.08101  3.9211 4.88447
 21.2585  11.8135 -85.2746 -16.8816  280.346 -25.7792  194.017
  17.335  11.3784 -60.8918 -10.4872  214.069 -18.3256  132.775
 14.9765  12.4612  -44.965 -15.4599  229.322 -11.5308   539.12
 12.8683  12.0382 -31.8841 -10.8157  185.555 -7.63984  465.817
 11.2679  11.6711 -21.9393 -6.87745  149.145 -4.71779  395.175
 9.98931  11.4166 -14.3903 -3.86341  118.833 -2.86499  327.985
  9.14895   11.0874  -8.70261 -0.671527   93.9521  -0.84952   267.008
 10.3615  20.5327 0.395298 -17.0418  78.1245  4.07007  227.411
 9.04333  17.9281  2.15533 -10.4144  61.2114  3.66345  180.149
8.32653 15.9502 3.46234  -6.273 47.8573 3.87483 141.532
 7.86724  14.4538   4.4797 -2.40505   37.452  3.77646  110.518
 7.51818  13.3218  5.23421 0.510389  29.4034   3.6906  85.9184
7.25114 12.4638  5.7875 2.70402 23.2044 3.55652 66.5677
7.04879 11.8113 6.18623 4.34923 18.4627 3.54815 51.4339
6.89101 11.3131 6.47165 5.58268 14.8311 3.50095 39.6477
6.60915 10.9305 6.67838 6.40026 12.0611 3.41933 30.4904
6.77585  10.635 6.81267  7.7464 9.94322 3.44334 23.4144
5.71987 10.4047 6.85001  6.6911 8.34115  3.3047 17.9119
6.74603   10.22 6.99218 8.23395 7.07829 3.32177 13.6627
6.63693 10.0757 7.01056 8.47483 6.15732 3.24053 10.3924
6.47363 9.95833  7.0141 8.62007 5.45422 3.34011 7.86698
6.49163 9.86124 7.01532 8.78752 4.91199 3.21645 5.91657
5.57082   9.779 6.98445 8.38661 4.53619 3.34591 4.37412
6.57515 9.70732 7.01211 9.06845 4.15157 3.13407 3.24956
6.47541 9.64637 6.97887 9.07647 3.92338 3.12189 2.35394
6.39318 9.59156 6.94704  9.0777 3.74557  3.1078 1.66161
 6.3238 9.54135 6.91759 9.07486 3.60547 3.09592 1.12394
 6.26461  9.49465  6.88787  9.06761  3.49591  3.08246 0.707395
 6.21307  9.45101  6.85746  9.05717  3.40948  3.06769 0.384322
6.16728 9.40875  6.8272 9.04527 3.34089  3.0532 0.13247
  6.12434   9.36839    6.7963   9.03113   3.28616   3.04282 -0.064214
  6.08837   9.32893    6.7658   9.01568   3.24181   3.02295 -0.218379
  6.05284   9.29005   6.73454   8.99924   3.20583   3.00826 -0.339799
  6.01965   9.25237   6.70266   8.98203   3.17623    2.9939 -0.435782
  5.98838   9.21521   6.67077   8.96421   3.15142   2.97795 -0.512544
  5.95575   9.17848   6.64079   8.94669   3.13019   2.91744 -0.574514
 5.92647  9.14229  6.60533  8.92704  3.11275  2.96116 -0.62475
  5.89713    9.1058   6.57321    8.9084   3.09656   2.94394 -0.666057
  5.86838   9.07032   6.54084   8.88954   3.08222   2.92739 -0.700508
  5.84156   9.03382   6.50766   8.86998   3.07171   3.00189 -0.725199
 5.81145   8.9982   6.4764  8.85105   3.0562  2.87412 -0.75579
  5.78349    8.9632   6.44485   8.83168   3.04441   2.88026 -0.777446
  5.75661   8.92771   6.40955   8.81216   3.03592   2.84824 -0.796894
  5.72964   8.89086   6.37608   8.79266   3.02652   2.83709 -0.814435
  5.70309   8.85687   6.34244   8.77317   3.01741   2.84905 -0.830598
  5.67528   8.82198   6.31005   8.75362     3.008   2.80734 -0.845684
   5.6477    8.7864   6.27668   8.73409   2.99936    2.7958 -0.859943
  5.62161   8.75133   6.24328   8.71443   2.99092   2.78374 -0.873491
  5.59438   8.71664   6.21029   8.69501   2.98228   2.72252 -0.886677
  5.56771   8.68174   6.17611   8.67516   2.97479   2.76971 -0.899467
  5.54103   8.64661   6.14332   8.65609   2.96622   2.70327 -0.911903
  5.51421   8.61185   6.10927   8.63671   2.95869   2.70094 -0.923926
  5.48821     8.575   6.07509   8.61663   2.95149   2.74817 -0.935739
  5.46426   8.54182    6.0431    8.5973   2.94278   2.75118 -0.948535
  5.43526   8.50764   6.00958    8.5769   2.93493   2.68764 -0.959658
 5.41033   8.4719   5.9763  8.55813  2.92724  2.65206 -0.97149
  5.38232   8.43778   5.94252   8.54026   2.91985   2.60797 -0.983093
  5.35469   8.40317   5.90826     8.519    2.9133   2.67958 -0.994825
  5.3286  8.36895  5.87519  8.49965  2.90552  2.65933 -1.00633
5.30284 8.33583  5.8419  8.4802 2.89802 2.64076 -1.0178
 5.27695  8.30015  5.80844   8.4611  2.89072   2.6245 -1.02924
 5.25105  8.26612  5.77492  8.44123  2.88354  2.60666 -1.04066
 5.22531  8.23224   5.7413  8.42184  2.87649  2.59103 -1.05207
 5.19375  8.19825   5.7085  8.40187  2.86931  2.52954 -1.06344
5.17455 8.16292 5.67341 8.38321 2.86301 2.57215 -1.0749
 5.14845  8.12945  5.63995  8.36373  2.85601  2.55536 -1.08626
 5.12092  8.09439   5.6065  8.34392  2.84876  2.51678 -1.09759
  5.0966  8.06051  5.57149  8.32815  2.84274   2.5752 -1.10893
 5.07105  8.02696  5.53955  8.30493  2.83569   2.5443 -1.12025
5.04687 8.00164 5.50775  8.2852 2.82841 2.43547 -1.1314
 5.74854  7.95718  5.47939  7.57235  2.81779  2.41529 -1.15101
 4.81158  7.92227   5.4234   8.4275  2.81872  2.47011 -1.16159
 4.83244  7.88995  5.39701  8.36095   2.8108  2.46905 -1.16885
0.757969 -1.42865  10.5588  36.0882 -40.8934  1.94343  -46.756
 1.76519 0.761457  9.06816  29.3642 -30.2641  1.97065 -36.5892
 2.51072  2.41664  8.00337  24.2574 -22.2677  2.02689 -28.7364
 3.06009  3.66739  7.22875  20.3778 -16.2302  2.21913 -22.6499
 3.46622  4.61023   6.6723  17.4297 -11.6671  2.25197  -17.925
 3.76475  5.31901  6.25931  15.1847 -8.20839  2.38149  -14.249
-26.4088  8.31955  173.494  18.8462 -147.275  62.8011 -14.0015
-19.8392  8.15846  137.957  16.5532 -115.822  50.6912 -11.6633
-14.6825  8.01387  109.947  14.7947 -91.2447  40.9905 -9.99792
-10.8278  7.88555  87.8047  13.7413  -71.871  33.5311  -8.7127
-7.37779   7.7711   70.305  12.2822 -56.5403  26.8992 -7.66128
-4.87195  7.67143  56.4443  11.4543 -44.3288  21.9228 -6.74713
  -2.904  7.58361  45.4814  10.7976 -34.5927  17.9447 -5.93654
-1.34562  7.50596  36.8076  10.2655 -26.8193  14.7591 -5.20878
-0.12569  7.43689   29.951  9.83968 -20.6048  12.2193 -4.55486
0.831368  7.37491  24.5309  9.49617 -15.6349  10.1931 -3.96928
 1.57962  7.31876  20.2465  9.21619 -11.6589  8.57792 -3.44834
 2.16495  7.26733  16.8605   8.9886 -8.48002  7.29053 -2.98831
 2.62118   7.2197  14.1834  8.80202 -5.93722  6.26458 -2.58556
 2.97567  7.17513  12.0664   8.6488 -3.90454  5.44668 -2.23552
 3.24967    7.133  10.3916  8.52176 -2.28045  4.79546 -1.93362
  3.46025    7.0928   9.06547   8.41619 -0.983905   4.27552   -1.6751
  3.62111   7.05414   8.01477   8.32769 0.0510015   3.86035  -1.45524
 3.74325   7.0167   7.1809  8.25223 0.875736  3.53012 -1.26944
3.83297 6.98022 6.51875 8.18966 1.53239 3.26259 -1.1134
  3.89919   6.94451   5.99163   8.13479   2.05448   3.04906 -0.983198
  3.94607    6.9094    5.5708   8.08727   2.46903   2.87753 -0.875224
  3.97788   6.87477   5.23423   8.04542   2.79777   2.73953 -0.786267
  3.99764   6.84052   4.96378   8.00837   3.05716   2.62624 -0.713538
 4.00804  6.80659  4.74571  7.97503   3.2619  2.53501 -0.65437
  4.01106    6.7729   4.56913   7.94459    3.4225   2.45975 -0.606918
  4.00835   6.73941    4.4245   7.91652   3.54845   2.39775 -0.568957
  4.00097   6.70611   4.30587    7.8906   3.64616    2.3461 -0.539355
  3.98993   6.67291   4.20747   7.86614   3.72152   2.30284 -0.516196
  3.97598   6.63985   4.12464   7.84279   3.77905   2.26598 -0.498834
  3.95995   6.60688   4.05531   7.82057   3.82227   2.23407 -0.486128
   4.0351     6.574   4.00327   7.75546    3.4427   2.93875 -0.450691
 4.08647   6.5411  3.88395  7.57108  3.77426  3.06115 -0.46512
  3.86874   6.50882   3.75899   7.68541   4.10187   3.18334 -0.476549
  3.82817   6.47643   3.91527   7.81953     3.969   1.51131 -0.473066
   3.8193   6.44347   3.86145   7.78039   3.96141   1.64171 -0.471874
  3.80661   6.41071   3.81528   7.74643   3.95272   1.73868 -0.472765
  3.79142   6.37809   3.77498    7.7164   3.94314   1.80955 -0.475302
  3.77411   6.34557   3.73906   7.68931    3.9329     1.861 -0.479206
  3.75538   6.31314   3.70655    7.6641   3.92271   1.89782 -0.484131
  3.73544   6.28078   3.67649   7.64093   3.91084   1.92286 -0.489829
