dataTorque
-142.811 -5828.65 -187.486 -2533.03 -179.196  98.9393  1.20731
-105.102 -4352.67 -140.645 -1892.27 -134.105  73.0215 0.891509
-75.0885 -3243.24 -104.678 -1410.07 -100.036  54.5998 0.739191
-53.7679  -2409.6  -77.575 -1047.54 -74.5038  40.8969 0.588714
 -38.348 -1782.78 -57.1714 -774.908 -55.3202  30.6336 0.459118
-27.0308 -1311.26 -41.8214 -569.849 -40.8805  22.9091 0.353696
-18.6228 -956.449 -30.2795 -415.603 -29.9975  17.0743 0.270413
-12.2986 -689.423 -21.6111 -299.583 -21.7888  12.6346 0.206487
-7.49639 -488.331 -15.0869 -212.279 -15.5859  9.29186  0.15558
 -3.8439 -336.954 -10.1986 -146.622 -10.9049   6.7344 0.118526
-0.988362  -222.928  -6.52911  -97.2259  -7.36376   4.77233 0.0900807
  1.25614  -137.045  -3.77937  -60.0758  -4.68572   3.26425 0.0691693
   3.048 -72.3217 -1.71971 -32.1297 -2.65794   2.0986 0.053616
  4.50302  -23.5335 -0.178965  -11.1112  -1.12148   1.19162 0.0423086
   5.7077   13.2564  0.972125   4.69475 0.0439026  0.480097 0.0342386
   6.72671    41.0131    1.83091     16.579    0.92903 -0.0836768   0.028628
  7.60853    61.968   2.47069   25.5128   1.60247 -0.535679 0.0248814
  8.38955   77.7998   2.94663   32.2266   2.11598 -0.903023 0.0225443
  9.09716   89.7722   3.30025   37.2699   2.50864  -1.20615 0.0212712
  9.75203   98.8374   3.56285   41.0565   2.81001  -1.46052 0.0207997
 10.3698  105.711  3.75797  43.8975   3.0424 -1.67772 0.020932
  10.9618   110.931   3.90329   46.0265   3.22261  -1.86646 0.0215189
  11.5373   114.905   4.01215     47.62   3.36341  -2.03339 0.0224479
  12.0981   117.923   4.08751   48.8026   3.47108  -2.18418 0.0240957
  12.6633    120.26   4.15988   49.6993    3.5637  -2.31997 0.0248973
  13.2218   122.041   4.20967   50.3575    3.6349  -2.44671 0.0264514
  13.7814   123.413   4.25057   50.8436   3.69323   -2.5652 0.0281092
  14.3446   124.477   4.28648    51.201    3.7422  -2.67697 0.0297939
  14.9113   125.301    4.3172   51.4587   3.78292  -2.78348 0.0316539
   15.484   125.946   4.34728    51.644   3.81854  -2.88534 0.0334932
   16.063   126.452   4.37694   51.7734   3.84987  -2.98335 0.0353672
  16.6485   126.851   4.40714   51.8609   3.87795  -3.07805 0.0372704
   17.241   127.166   4.43859   51.9166   3.90356  -3.16982 0.0391962
  17.8404   127.417   4.47179   51.9483   3.92727  -3.25897 0.0411392
  18.4463   127.614   4.50697    51.961   3.94943  -3.34567 0.0431002
  19.0592   127.771   4.54457   51.9602   3.97051  -3.43015 0.0450702
  19.6791   127.894   4.58471    51.949   3.99073  -3.51256 0.0470513
  20.3051   127.989   4.62739   51.9291   4.01021  -3.59295 0.0490408
  20.9376   128.061   4.67275    51.903   4.02915  -3.67144 0.0510392
   21.576   128.112   4.72076   51.8718   4.04763  -3.74807 0.0530436
  22.2202   128.146   4.77144   51.8366   4.06575  -3.82291 0.0550543
  22.8698   128.165   4.82475   51.7983   4.08356    -3.896 0.0570705
  23.5246   128.171   4.88067   51.7575   4.10111  -3.96737 0.0590918
  24.1842   128.163   4.93913   51.7146   4.11844  -4.03706 0.0611179
  24.8491   128.158   5.00061   51.6767   4.13611   -4.1053 0.0631606
  25.5169   128.112   5.06319    51.622   4.15226  -4.17146 0.0651999
  26.1897   128.073   5.12914   51.5751   4.16926  -4.23627 0.0672141
  26.8659   128.023   5.19695   51.5261   4.18568  -4.29948 0.0692857
  27.5461   127.967   5.26751   51.4777    4.2025  -4.36117 0.0712974
  28.2291     127.9   5.33991   51.4274   4.21887  -4.42128 0.0733492
  28.9151   127.825   5.41438   51.3761   4.23511  -4.47986 0.0754025
  29.6037   127.742   5.49086    51.324   4.25123  -4.53694 0.0774584
  30.2947   127.651   5.56927   51.2711   4.26722  -4.59253 0.0795162
  30.9879   127.552   5.64955   51.2175    4.2831  -4.64665 0.0815766
  31.6829   127.446   5.73163   51.1633   4.29887   -4.6993 0.0836388
  32.3795   127.333   5.81541   51.1082   4.31451  -4.75053 0.0857024
  33.0776   127.213   5.90088   51.0529   4.33006  -4.80033 0.0877699
  33.7767   127.085   5.98789   50.9964   4.34545  -4.84873 0.0898363
  34.4768   126.952   6.07644   50.9393   4.36074  -4.89575 0.0919049
  35.1775   126.811   6.16643   50.8817   4.37591  -4.94139 0.0939754
  35.8787   126.665   6.25784   50.8238     4.391  -4.98569 0.0960471
  36.5802   126.513   6.35059   50.7653   4.40597  -5.02866 0.0981206
 37.2817  126.355  6.44456  50.7059   4.4208  -5.0703 0.100194
 37.9831  126.191  6.53976   50.646  4.43552 -5.11067 0.102268
 38.6838  126.021  6.63609  50.5857  4.45014  -5.1497 0.104344
 39.3841  125.846  6.73352  50.5248  4.46464 -5.18749  0.10642
 40.0837  125.666  6.83199  50.4636  4.47904 -5.22404 0.108497
 40.7823  125.483  6.93148  50.4024  4.49338 -5.25935 0.110574
 41.4795   125.29  7.03173  50.3389  4.50744  -5.2934 0.112651
 42.1758  125.094  7.13295  50.2758  4.52147 -5.32635 0.114726
 42.8704  124.895  7.23498  50.2124  4.53541 -5.35805 0.116803
43.5634  124.69 7.33776 50.1485 4.54922 -5.3886 0.11888
 44.2545  124.482  7.44126  50.0842  4.56292 -5.41799 0.120957
 44.9435  124.269  7.54541  50.0193   4.5765 -5.44624 0.123033
 45.6305  124.052  7.65017  49.9541  4.58997 -5.47338 0.125108
 46.3152   123.83   7.7555  49.8882  4.60332 -5.49942 0.127183
 46.9974  123.605  7.86133  49.8219  4.61654 -5.52437 0.129257
  47.677  123.376  7.96763  49.7552  4.62966 -5.54824  0.13133
 48.3542  123.148  8.07458  49.6907  4.64288  -5.5711 0.133406
  49.028  122.906  8.18146  49.6202   4.6555 -5.59285 0.135473
 49.6991  122.667  8.28893  49.5525  4.66828 -5.61362 0.137543
  50.367  122.424   8.3967  49.4842  4.68093 -5.63338 0.139612
 51.0318  122.178  8.50472  49.4156  4.69347 -5.65215 0.141679
 51.6932  121.929  8.61296  49.3464  4.70588 -5.66995 0.143745
 52.3511  121.677  8.72138  49.2769  4.71817 -5.68678 0.145809
 53.0055  121.422  8.82995  49.2071  4.73035 -5.70267 0.147871
 53.6561  121.165  8.93862  49.1368  4.74241 -5.71762 0.149932
 54.3029  120.906  9.04738   49.067  4.75441 -5.73163 0.151993
 54.9461  120.641  9.15613  48.9951  4.76615 -5.74482 0.154047
 55.5877  120.404  9.26628  48.9382  4.77924 -5.75731 0.156119
 56.2186  120.087  9.37265  48.8411  4.78837 -5.76834 0.158141
 56.8508  119.837  9.48223  48.7793   4.8008 -5.77897 0.160204
 57.4775  119.565  9.59085  48.7073  4.81217 -5.78867 0.162253
 58.0998  119.292  9.69933  48.6348  4.82341 -5.79754 0.164299
 58.7178  119.016  9.80765  48.5619  4.83452  -5.8056 0.166342
 59.3312  118.738  9.91578  48.4887   4.8455 -5.81286 0.168383
 59.9433  118.505  10.0258  48.4395   4.8587 -5.81944 0.170453
 60.5453  118.188  10.1319   48.347  4.86765 -5.82508 0.172463
 61.1452  117.907  10.2394  48.2742  4.87841 -5.83003 0.174498
 61.7414  117.641  10.3473  48.2089   4.8898 -5.83428 0.176539
 62.3283  117.308   10.452  48.1101  4.89782 -5.83763 0.178536
 62.9129  117.005  10.5578  48.0276  4.90735 -5.84043  0.18055
 63.4944  116.736  10.6647  47.9625  4.91847 -5.84249 0.182584
 64.0698   116.45  10.7705  47.8888  4.92866 -5.84382 0.184605
   64.64  116.156  10.8757  47.8113  4.93838 -5.84453 0.186617
 65.2054  115.865  10.9806  47.7358   4.9482 -5.84457 0.188628
 65.7655  115.567  11.0848  47.6575  4.95765 -5.84397 0.190634
 66.3219  115.286  11.1894  47.5877  4.96784 -5.84276 0.192647
 66.8715  114.987  11.2926  47.5091  4.97707 -5.84086 0.194646
 67.4165  114.693  11.3956  47.4329  4.98643 -5.83838 0.196645
 67.9557  114.385  11.4975    47.35  4.99505 -5.83535 0.198632
 68.4922  114.116  11.6007  47.2873  5.00554  -5.8317 0.200642
 69.0181  113.785  11.7003  47.1925  5.01274 -5.82733 0.202607
  69.544  113.512  11.8022  47.1281  5.02288 -5.82255 0.204608
70.0618 113.204 11.9019 47.0452 5.03108 -5.8172 0.20658
 70.5743  112.898  12.0011  46.9639  5.03934 -5.81128 0.208552
 71.0835  112.614  12.1007  46.8934  5.04857  -5.8049 0.210534
 71.5849  112.311  12.1987  46.8135  5.05676 -5.79785 0.212501
 72.0808  111.992  12.2955  46.7255  5.06404 -5.79045 0.214453
 72.5729  111.693  12.3925  46.6471  5.07218 -5.78261 0.216413
 73.0585  111.396  12.4888  46.5704  5.08037 -5.77406 0.218374
 73.5394  111.098  12.5844  46.4925  5.08836 -5.76516 0.220327
  74.014  110.794  12.6791  46.4117  5.09594 -5.75577 0.222273
 74.4839  110.493  12.7732  46.3321  5.10355   -5.746 0.224216
 74.9481  110.191  12.8666  46.2522  5.11102 -5.73575 0.226155
 67.7827  110.052  12.8993  46.2414  5.13757 -5.67878 0.228889
 62.3649  109.846  12.8862  46.1993  5.18817 -5.62593  0.23173
 58.2835  109.598  12.8582  46.1385  5.24589 -5.57578 0.234135
  55.219  109.321  12.8301  46.0656  5.30173 -5.52754  0.23602
 52.9392  109.026  12.8111  45.9868  5.35197 -5.48271 0.237471
 51.2506   108.72  12.8024   45.905  5.39518 -5.44024 0.238645
  50.016  108.408  12.8054  45.8225  5.43154 -5.40083 0.239671
 48.9974  108.576  12.8169  45.9372  5.48447 -5.35877 0.240209
 48.5347  107.655  12.8441  45.6107  5.48134 -5.33228  0.24176
 48.1038  107.369  12.8767  45.5438  5.50375  -5.3015 0.242799
 47.8273  107.075  12.9164  45.4753  5.52241 -5.27318 0.243928
 47.6681  106.777  12.9621  45.4061  5.53814 -5.24704 0.245151
 47.2641    105.7  12.9327  44.9725   5.5092 -5.20584 0.246959
 47.6748  106.364  13.0862  45.3573  5.57386 -5.20414 0.247734
 47.7013   106.01  13.1384  45.2648  5.58152 -5.18187 0.249235
 47.8081  106.292  13.2248  45.4631  5.62382   -5.164 0.250096
 47.8586  105.175  13.2441  45.0239  5.58701 -5.13983 0.252561
   48.38  105.249  13.3828  45.1536  5.61017 -5.17816 0.255353
 47.3125  104.927  13.2143  44.9557   5.5905 -4.99096 0.257671
 48.2911  104.862  13.4425  45.0538  5.62716  -5.0858 0.258234
 48.7457   103.37  13.5391  44.5521  5.60097 -5.10871 0.258846
 48.0461  103.228  13.4477  44.4728  5.59663 -4.99568 0.261139
 48.9641  103.189   13.654  44.5851  5.63327  -5.0344 0.261702
 49.1867  103.075  13.7377  44.5963  5.64933  -5.0429 0.263226
 48.9977  103.211   13.745  44.6656  5.66276 -4.99665 0.265485
 49.2828  102.815  13.8185  44.5421  5.66585 -4.96052 0.266551
  49.473  102.004  13.8745  44.2896  5.64741  -4.9738 0.269357
 49.6928  102.384  13.9649   44.521  5.68933 -4.94243 0.270328
 49.7467  101.316  13.9835  44.1115   5.6519 -4.93593 0.273061
 49.6554  100.696  13.9873  43.8796  5.63901 -4.88526 0.274665
 50.1043  100.924  14.1164  44.0686  5.67237 -4.90388 0.276468
 50.2342  100.636  14.1709  44.0027  5.67743 -4.88273 0.278162
 50.3644  100.345  14.2255  43.9357  5.68223 -4.86232 0.279861
 50.4942  100.054  14.2798  43.8683  5.68684 -4.84245 0.281562
 50.6223  99.7592  14.3338  43.7994  5.69116 -4.82294 0.283264
 50.7485  99.4668  14.3873  43.7312  5.69543 -4.80364 0.284966
 51.8216  100.057  14.6438  44.0982  5.74703 -4.91709  0.28708
 50.7562  98.6576  14.4417  43.4834  5.69144 -4.73246  0.28826
 50.9308  98.4188  14.5058  43.4406  5.69807 -4.72175 0.289981
 50.9793  98.0783  14.5386  43.3212  5.69164 -4.70042 0.292144
 51.2587  97.9278  14.6303  43.3536  5.71211 -4.69667 0.293284
 51.6251  98.1671  14.7375  43.5375  5.74318 -4.68562 0.295003
 52.0856  97.0455  14.8494  43.1668  5.72421  -4.7392 0.295965
 50.5361  96.7244   14.571  42.9146  5.68964 -4.53235 0.298686
 50.7256  96.5834  14.6288  42.9248  5.70391 -4.47311  0.29994
 52.1246  96.6313  14.9443  43.0776  5.73532 -4.65663  0.30196
 52.1436  96.3219  14.9756   42.995  5.73688 -4.62629 0.303589
 52.1762  96.0185  15.0098  42.9152  5.73857 -4.59871 0.305221
 52.8411  95.9069  15.1593  42.9521  5.74788 -4.63265 0.307833
 52.1103  95.3799  15.0546  42.7328  5.74021 -4.53421 0.308249
 52.2001  95.1003  15.0996  42.6648  5.74239 -4.51483 0.309943
 52.6546  95.0332  15.2109  42.7177  5.75664 -4.51035 0.311939
52.6692 94.6919 15.2481  42.619 5.75688 -4.5076 0.31347
 52.0927  94.0487  15.1515  42.3335  5.72392  -4.4351 0.316341
 52.4071  93.9219  15.2533  42.3564  5.75014 -4.43012 0.316129
 52.4873  93.6816  15.2957  42.2993  5.75227 -4.41158 0.317876
 53.1171  93.5652  15.4523  42.3441  5.76565  -4.4746 0.320075
  52.486  93.0987  15.3474  42.1359  5.75222 -4.35398 0.321165
 53.1821  93.0349  15.5241  42.2166   5.7723 -4.43428 0.323082
 51.9575  92.7322  15.2785  41.9994  5.74473  -4.1919 0.325065
 52.2747  92.1935  15.3745  41.8525  5.74345 -4.23246 0.326329
 52.9114  91.9716  15.5444  41.8625  5.76081 -4.31867 0.327581
 53.1357  91.6727   15.607  41.7826  5.74963 -4.33493 0.330947
 53.5875  91.7641   15.764  41.9361  5.80611 -4.36864 0.328575
 52.7491  91.1419  15.5828  41.6116  5.75489  -4.2113 0.332685
 52.3513  91.1925  15.5288  41.6098  5.74739 -4.16471 0.336008
 52.9876  90.5725  15.6858   41.478  5.76208 -4.19118 0.335382
  52.999  90.2845  15.7139  41.3929  5.76043 -4.17347 0.337028
 52.2274  90.0931  15.5667  41.2655   5.7382 -4.04046 0.340073
 52.6239  89.4785  15.6782  41.0978  5.73533 -4.09085 0.341228
 53.3329  89.7046  15.8696  41.2954  5.77837 -4.15506 0.341342
  53.912  89.8672  16.0206  41.4556  5.81443 -4.16852 0.341631
 52.4534  89.3538  15.7397  41.1365  5.77414 -3.98559 0.343882
 52.8017  88.4385  15.8104  40.8177  5.72669 -4.04023 0.348909
 53.2517  88.5621   15.954  40.9522  5.76932 -4.07393 0.347922
  53.195  88.3154  15.9664  40.8792  5.76795 -4.04455 0.349515
 53.1459  88.0636  15.9806  40.8043  5.76654 -4.01739 0.351086
 53.0986  87.8026  15.9948  40.7203  5.76412 -3.99191 0.352616
 53.0677  87.5611  16.0136  40.6577  5.76435 -3.96806 0.354184
 53.0321  87.3159  16.0309  40.5866  5.76347 -3.94478 0.355719
 52.9997  87.0557  16.0486  40.5082  5.76188  -3.9228 0.357224
 52.9669  86.8051  16.0663  40.4343  5.76069 -3.90108 0.358731
 52.9339   86.555   16.084  40.3605  5.75947 -3.87978  0.36023
 52.9001  86.3049  16.1013  40.2861  5.75812 -3.85884  0.36172
 53.8212  85.5587    16.31  40.1108  5.75055 -3.95679 0.363583
 52.5906  85.9375  16.0874  40.1659  5.75707 -3.78803 0.364594
   52.61  85.6584  16.1152  40.0851  5.75502 -3.77486 0.366088
 52.6135  85.3894  16.1397  40.0065  5.75313 -3.76002 0.367573
 52.6048  85.1326  16.1616  39.9318  5.75155 -3.74386 0.369052
 52.5847  84.8688   16.181  39.8519  5.74933 -3.72693 0.370514
 52.5566  84.6162  16.1987   39.776  5.74742 -3.70916 0.371971
 52.5218  84.3716   16.215  39.7026  5.74565 -3.69081 0.373423
 52.4815  84.1201  16.2299  39.6253  5.74342 -3.67229 0.374863
   52.37  83.9965  16.2291  39.5754  5.73634 -3.66137  0.37723
 52.4337   83.419  16.2658  39.4042  5.73487 -3.63858 0.377421
 52.3368  83.4184  16.2696  39.4132  5.73913 -3.61183 0.378997
 52.2783  83.1736  16.2803  39.3356  5.73618 -3.59319 0.380456
  52.627  82.7387  16.3856  39.2147  5.72063 -4.88082 0.382517
    51.4  82.8408  16.1718  39.1476   5.6875 -5.67172 0.384779
 51.7403  82.5147  16.3053  39.0646  5.66549 -6.44917 0.386529
 52.9892  82.0363  16.6399  39.0392  5.66069 -7.16336 0.388056
  52.201  81.8864  16.5257  38.8839  5.61809 -7.51276 0.390973
 52.1274  81.8726   16.568   38.904  5.60575 -7.83474 0.393546
 51.9955  81.3955  16.5863  38.6952  5.57193 -8.08332 0.395819
 51.8977   81.221  16.6124   38.635  5.55637 -8.26991 0.398085
 51.7976  80.9408  16.6328  38.5295  5.53837 -8.41269 0.400181
 51.6983  80.7292  16.6503  38.4529  5.52485 -8.51936 0.402172
 51.6007  80.5559  16.6655  38.3929  5.51441 -8.59866 0.404036
 51.4983  80.2879  16.6759  38.2926  5.50107 -8.65854 0.405752
  51.387  79.9541  16.6815  38.1575  5.48497 -8.70333 0.407309
 51.2995  79.8878   16.693  38.1518  5.48248 -8.73273 0.408958
 51.2056  79.6288  16.7002  38.0623   5.4724 -8.75593 0.410436
 51.0914  79.4515  16.7013  37.9911  5.46378 -8.76917 0.411834
 50.9875  79.2292  16.7038  37.9103  5.45487  -8.7785 0.413195
 50.8822  79.0085  16.7051  37.8299  5.44618 -8.78357 0.414514
 50.7753  78.7907  16.7054  37.7504  5.43768 -8.78534 0.415802
 50.6669  78.5714  16.7047  37.6701  5.42918 -8.78464 0.417062
 50.5574  78.3551  16.7032  37.5908  5.42082 -8.78202 0.418301
 50.4459  78.1392   16.701  37.5113  5.41249 -8.77789 0.419518
 50.3359  77.9171  16.6988  37.4327  5.40438 -8.77287 0.420732
 50.2172  77.7124   16.694  37.3524  5.39577  -8.7664 0.421909
 50.1086  77.5443   16.692  37.2983  5.39004 -8.75921 0.423128
 49.9809  77.2783  16.6842  37.1889  5.37857 -8.75224 0.424246
 49.8614    77.07  16.6788  37.1115  5.37036 -8.74444 0.425407
 49.7366  76.7873   16.672  37.0109  5.36015 -8.73656 0.426573
 49.6184  76.6723  16.6665   36.961  5.35423 -8.72795 0.427699
 49.5013  76.3944  16.6613  36.8627  5.34433 -8.72104 0.428843
  49.353  76.1739  16.6474  36.7601  5.33286 -8.71086 0.429905
 49.2299  76.0833  16.6412    36.73  5.32906 -8.70079 0.431058
 49.1034  75.7166  16.6326  36.5929  5.31521 -8.69456 0.432168
  48.975  75.5105  16.6242  36.5176  5.30709 -8.68561 0.433287
 48.8466  75.4422  16.6164  36.4954  5.30386 -8.67481 0.434427
 48.7146  75.1039  16.6066  36.3684  5.29097 -8.66804  0.43551
 48.5725  75.1185  16.5949  36.3674  5.28908 -8.65495 0.436627
  48.433  74.8951  16.5832  36.2794  5.27945 -8.64595 0.437706
 48.2984   74.801  16.5734  36.2475  5.27524 -8.63521 0.438819
 48.0618  74.3803  16.5195  36.0469  4.53302 -8.61679 0.439522
 47.8446  74.1591  16.4425  35.9326  3.95208 -8.59462  0.45217
 47.6251  73.8421  16.3506  35.7769  3.49684 -8.57148 0.208703
   47.4195     73.592    16.2585    35.6474    3.13603   -8.55003 -0.0070672
  47.0947   73.1244   16.1424   35.3463   2.83003  -8.54308 -0.194036
  47.0843   73.3807   16.1019   35.5304   2.63561  -8.51172 -0.351039
  48.0399   73.9892   16.2973   35.9855   2.52375  -8.61225 -0.480453
  46.8689   71.3041   16.0168   35.7748   2.36224  -8.50174 -0.584813
  46.1949   67.8326   15.8279    34.899   2.16816  -8.45261 -0.669611
  46.1049   66.2563   15.8037   34.8445   2.08388   -8.4571 -0.736273
  46.0026   65.0022   15.7819   34.7787   2.01542  -8.46166 -0.788822
 45.9033  63.9889   15.766  34.7055  1.95917 -8.47098 -0.83003
  45.7696   63.1659   15.7434    34.629   1.91233  -8.47018 -0.862274
  45.6374   62.4801   15.7245   34.5496   1.87256  -8.47273 -0.887403
  45.1388    61.737   15.6233   34.3415   1.82257  -8.43817 -0.906945
  45.7244   62.2488   15.7813   34.8772   1.85938  -8.49929 -0.921659
  43.0386   59.4033   15.1568   33.2352   1.65584  -8.25971 -0.934093
   45.607   60.7707   15.7826   34.3989    1.7788  -8.54265 -0.943305
    45.33   60.3552    15.737   34.2734   1.75054  -8.53329 -0.950416
   44.864   59.9422    15.645    34.115   1.71879  -8.49195 -0.955896
 44.8652  59.6522  15.6661  34.0651   1.7029 -8.51694 -0.96026
  42.5875   58.5949   15.1511   33.3378   1.60231  -8.27213 -0.963362
  44.9261   59.2017   15.7205   34.0218   1.67906  -8.56307 -0.966284
  44.5913   58.8655   15.6619   33.8908   1.65418  -8.54367 -0.968316
 44.2955  58.5504  15.6126  33.7723  1.63123 -8.52883 -0.96991
  44.0279   58.2528     15.57   33.6641   1.60982  -8.51709 -0.971171
   43.782   57.9667   15.5324   33.5625   1.58946  -8.50791 -0.972171
  43.5519   57.6913   15.4986   33.4667   1.56997  -8.50057 -0.972966
  43.3335   57.4218   15.4674   33.3747   1.55109  -8.49458 -0.973606
  43.1186    57.159   15.4369   33.2854   1.53261  -8.48873 -0.974125
  42.9206   56.8988   15.4105   33.1988   1.51465  -8.48545 -0.974556
  42.7205   56.6412   15.3834   33.1129   1.49682  -8.48161 -0.974912
   42.524   56.3884    15.357   33.0291   1.47929  -8.47814 -0.975211
 42.3309  56.1376  15.3313  32.9462  1.46195 -8.47516 -0.97547
  42.1465   55.8874   15.3085   32.8642   1.44482  -8.47576 -0.975696
  41.9374   55.6424   15.2777   32.7819   1.42749  -8.46742 -0.975891
   41.745    55.395   15.2519      32.7   1.41041  -8.46464 -0.976069
  41.5524   55.1517    15.226   32.6195   1.39351  -8.46175 -0.976232
  41.3381   54.9088   15.1931   32.5373   1.37639  -8.45118 -0.976379
  41.1699   54.6596   15.1748   32.4559    1.3596  -8.45763 -0.976528
  40.9697   54.4198   15.1463   32.3755    1.3428  -8.45256 -0.976662
  40.7788   54.1767   15.1205   32.2945   1.32603  -8.45076 -0.976791
   40.582   53.9293   15.0929   32.2111   1.30908  -8.44714 -0.976917
  40.3786   53.6947   15.0632    32.132   1.29249  -8.44131 -0.977037
  40.1861    53.454    15.037    32.051   1.27586   -8.4399 -0.977155
  39.9844   53.2123   15.0079   31.9689    1.2591  -8.43569 -0.977271
   39.785   52.9727   14.9793   31.8875   1.24248  -8.43175 -0.977386
  39.5951   52.7329   14.9537   31.8067   1.22599  -8.43172 -0.977499
   39.376    52.497   14.9191   31.7246   1.20928  -8.42201 -0.977611
  39.1866   52.2561   14.8935   31.6431   1.19283  -8.42235 -0.977721
  38.9781   52.0196   14.8621   31.5614    1.1763  -8.41669 -0.977829
 38.7569  51.7759  14.8266  31.4756  1.15939 -8.40682 -0.97794
   38.552   51.5458   14.7958   31.3966   1.14322  -8.40131 -0.978053
  38.3517   51.3076   14.7671    31.314   1.12676  -8.40011 -0.978156
  38.1522    51.067   14.7381   31.2311   1.11036  -8.39744 -0.978265
  37.9473   50.8342   14.7077   31.1504   1.09416  -8.39445 -0.978366
  37.7103   50.5993   14.6676   31.0653   1.07746  -8.38113 -0.978472
   37.501   50.3648   14.6356   30.9831    1.0612  -8.37633 -0.978577
 37.2907  50.1348  14.6032  30.9023  1.04511 -8.37125 -0.97868
  37.0786   49.8952   14.5702   30.8176   1.02872  -8.36587 -0.978785
  36.8656   49.6612    14.537   30.7347   1.01251  -8.36041 -0.978888
 36.6513  49.4285  14.5033  30.6521 0.996389 -8.35462 -0.97899
  36.4361    49.193   14.4702   30.5676  0.980122  -8.35126 -0.979086
  36.2179   48.9581   14.4342    30.484  0.964023  -8.34169 -0.979193
  36.0003   48.7271   14.3994   30.4012  0.948006  -8.33546 -0.979293
 35.7843  48.4884  14.3653  30.3153 0.931764 -8.33068 -0.97939
  35.5487   48.2644   14.3247   30.2341  0.915947  -8.31789 -0.979485
 35.3329  48.0267  14.2903  30.1476  0.89977 -8.31271 -0.97959
  35.1405   47.8244   14.2628   30.0778  0.885148  -8.31436 -0.979685
  36.2878   46.4686   14.5437   29.5791  0.838157  -8.49298 -0.981395
  34.3242   47.6027   14.1024   29.9948  0.859501   -8.2469 -0.979467
  34.1876   47.3022   14.0854   29.8846  0.841795  -8.25065 -0.979666
  34.0149   47.0202   14.0594     29.78  0.824486  -8.24795 -0.979835
  33.8872    46.783    14.044   28.4537  0.805622  -8.25564 -0.979977
  33.7288   46.5447   14.0222   27.4191  0.787278  -8.25703 -0.979618
  33.5079    46.321    13.983   26.6083    0.7695  -8.24189 -0.978955
  33.321  46.0972  13.9552  25.9718 0.752907 -8.23906 -0.97817
  33.0935   45.8755   13.9153   25.4609  0.736387  -8.22491 -0.977339
   32.881   45.6515   13.8802   25.0489  0.720374  -8.21711 -0.976538
 32.6725  45.4195  12.6059  24.7183 0.684993 -8.19957 -0.97592
  32.4681   45.2316   11.5962   24.4588  0.657568  -8.19141 -0.975302
  31.8308   45.5583   10.6879   24.4528  0.653228  -8.11111 -0.974148
   32.167   44.7713   10.1815    24.011  0.614785  -8.20745 -0.974314
 31.9321   44.636  9.66369  23.8624 0.601764 -8.20321 -0.97379
  31.6909    44.492   9.24568   23.7256    0.5904  -8.19856 -0.973326
   31.473   44.3253    8.9125   23.5926  0.579578  -8.19718 -0.972929
  31.2433   44.1534   8.63894   23.4656   0.56914  -8.19357 -0.972585
  31.0125   43.9737   8.41399   23.3419  0.558643  -8.18912 -0.972293
  30.7768   43.7849   8.22612   23.2188  0.547675  -8.18324 -0.972048
  30.5413    43.591   8.06826   23.0976  0.536286  -8.17661 -0.971844
  30.3039   43.3919   7.93336   22.9768  0.524356  -8.16896 -0.971681
   30.065   43.1894   7.81642   22.8568  0.511903  -8.16041 -0.971554
 29.8236  42.9832   7.7132  22.7366 0.498891 -8.15086 -0.97146
  29.5804   42.7747   7.62072   22.6166   0.48539  -8.14052 -0.971392
   29.336   42.5643   7.53671   22.4967  0.471469  -8.12953 -0.971351
  29.0907    42.351   7.45924   22.3762   0.45711  -8.11788 -0.971334
  28.8426   42.1392   7.38654    22.257   0.44253  -8.10567 -0.971333
 28.5945  41.9245  7.31794  22.1368 0.427602 -8.09304 -0.97135
  28.3449   41.7091    7.2522   22.0167   0.41245   -8.0799 -0.971382
  28.0945   41.4929   7.18877   21.8964  0.397114  -8.06637 -0.971428
  27.8432   41.2761   7.12714   21.7761  0.381623  -8.05259 -0.971483
  27.5909   41.0588   7.06677   21.6558  0.366023  -8.03841 -0.971547
 27.3382  40.8407  7.00749  21.5352  0.35033 -8.02402 -0.97162
  27.0846   40.6221   6.94889   21.4146  0.334569  -8.00935 -0.971698
  26.8303   40.4033   6.89087    21.294  0.318782  -7.99445 -0.971782
  26.5754   40.1838    6.8332   21.1732  0.302954  -7.97932 -0.971869
  26.3194   39.9638   6.77572   21.0521  0.287099  -7.96395 -0.971959
  26.0638   39.7433   6.71865   20.9312  0.271273  -7.94853 -0.972054
  25.7843   39.4142   6.63701   20.7485  0.244236  -7.89139 -0.971218
  25.5683   38.9752   6.58693   20.5181  0.223859  -7.87282 -0.972242
  24.8815   39.0057   6.42804   20.4802  0.217709   -7.7903 -0.972591
  25.1408   38.9823   6.53161   20.5249  0.216096  -7.93451 -0.972631
  24.8566   38.7291   6.46457   20.3842   0.19842  -7.90637 -0.972683
  24.5778    38.483   6.39981    20.248  0.181268  -7.88083 -0.972746
  24.3041   38.2422   6.33699   20.1155  0.164537  -7.85741 -0.972818
  24.0335   38.0051   6.27546   19.9854  0.148123  -7.83547 -0.972895
  23.7656   37.7703   6.21496   19.8571  0.131959  -7.81465 -0.972979
  23.4994   37.5378   6.15518   19.7303  0.115996  -7.79469 -0.973062
  23.0307   37.1374   6.04644    19.492 0.0904468  -7.74842 -0.973103
