dataQdot
0 0 0 0 0 0 0
-0.375735   -1.0346 -0.644993 -0.906418 -0.539611 -0.434887 -0.553069
-0.752921  -1.80671   -1.0948  -1.58716 -0.972994 -0.834733  -1.19447
-1.01009 -2.38205 -1.43633 -2.09533 -1.26935 -1.11346 -1.58252
-1.18542  -2.8095  -1.6928  -2.4733 -1.47556 -1.30858 -1.82355
-1.30431 -3.12573 -1.88363 -2.75328  -1.6201 -1.44521 -1.97468
-1.38381 -3.35828 -2.02424 -2.95958 -1.72154 -1.54049 -2.06887
-1.43559 -3.52788 -2.12661 -3.11048 -1.79252  -1.6063 -2.12627
-1.46776 -3.65012 -2.19998 -3.21973 -1.84183 -1.65122  -2.1594
-1.48584 -3.73674 -2.25138 -3.29767 -1.87563 -1.68068 -2.17717
-1.49411 -3.79656 -2.28618 -3.35207 -1.89831 -1.69921 -2.18453
-1.49525 -3.83624 -2.30847 -3.38879 -1.91296 -1.70984 -2.18516
-1.49131 -3.86077 -2.32134 -3.41221 -1.92181 -1.71475 -2.18132
-1.48372 -3.87392 -2.32712 -3.42564 -1.92646 -1.71551 -2.17464
-1.47355 -3.87852 -2.32757 -3.43157 -1.92806 -1.71328 -2.16615
-1.46152  -3.8767 -2.32403 -3.43187 -1.92743 -1.70886 -2.15653
 -1.4482 -3.87006 -2.31749 -3.42794 -1.92518 -1.70286 -2.14622
-1.43395 -3.85981 -2.30871 -3.42083 -1.92174  -1.6957  -2.1355
-1.41907 -3.84686 -2.29824 -3.41135 -1.91742 -1.68772 -2.12455
-1.40376 -3.83189 -2.28652 -3.40009 -1.91246 -1.67912 -2.11349
-1.38816 -3.81541 -2.27386 -3.38749 -1.90703 -1.67009 -2.10238
-1.37238 -3.79781 -2.26051  -3.3739 -1.90125 -1.66073 -2.09128
 -1.3565 -3.77939 -2.24662 -3.35956 -1.89522 -1.65114  -2.0802
-1.34056 -3.76035 -2.23235 -3.34468 -1.88899 -1.64139 -2.06916
-1.32461 -3.74087 -2.21797 -3.32939 -1.88262 -1.63151 -2.05817
-1.30867 -3.72106 -2.20315 -3.31381 -1.87614 -1.62154 -2.04722
-1.29277 -3.70103 -2.18819 -3.29801 -1.86959 -1.61152 -2.03632
-1.27692 -3.68084 -2.17312 -3.28205 -1.86296 -1.60145 -2.02546
-1.26113 -3.66055 -2.15797 -3.26599 -1.85629 -1.59136 -2.01465
 -1.2454 -3.64019 -2.14279 -3.24985 -1.84958 -1.58125 -2.00387
-1.22974 -3.61979 -2.12758 -3.23366 -1.84284 -1.57112 -1.99314
-1.21416 -3.59938 -2.11236 -3.21744 -1.83608 -1.56099 -1.98245
-1.19865 -3.57897 -2.09712 -3.20121 -1.82929 -1.55087 -1.97179
-1.18321 -3.55858 -2.08189 -3.18498 -1.82249 -1.54074 -1.96117
-1.16785 -3.53821 -2.06666 -3.16876 -1.81567 -1.53062 -1.95058
-1.15256 -3.51787 -2.05145 -3.15255 -1.80883 -1.52051 -1.94003
-1.13735 -3.49757 -2.03626 -3.13635 -1.80198 -1.51042 -1.92951
-1.12221 -3.47731 -2.02109 -3.12018 -1.79512 -1.50033 -1.91903
-1.10715 -3.45709 -2.00595 -3.10403 -1.78825 -1.49026 -1.90858
-1.09216 -3.43692 -1.99084  -3.0879 -1.78136  -1.4802 -1.89816
-1.07723  -3.4168 -1.97576 -3.07181 -1.77446 -1.47016 -1.88777
-1.06238 -3.39672 -1.96072 -3.05574 -1.76754 -1.46013 -1.87742
-1.04759  -3.3767 -1.94571 -3.03971 -1.76061 -1.45012  -1.8671
-1.03287 -3.35672 -1.93074  -3.0237 -1.75367 -1.44013 -1.85681
-1.01822  -3.3368 -1.91581 -3.00773 -1.74672 -1.43016 -1.84655
-1.00362 -3.31692 -1.90092 -2.99178 -1.73975 -1.42021 -1.83632
-0.989098   -3.2971  -1.88607  -2.97587  -1.73278  -1.41028  -1.82613
-0.974634  -3.27732  -1.87127  -2.95999  -1.72579  -1.40037  -1.81597
-0.960231   -3.2576  -1.85651  -2.94415  -1.71879  -1.39049  -1.80584
-0.945888  -3.23793   -1.8418  -2.92834  -1.71177  -1.38062  -1.79575
-0.931604  -3.21831  -1.82714  -2.91256  -1.70474  -1.37078  -1.78568
-0.917378  -3.19874  -1.81252  -2.89681  -1.69769  -1.36096  -1.77565
-0.90321 -3.17922 -1.79795  -2.8811 -1.69064 -1.35116 -1.76565
-0.889098  -3.15975  -1.78343  -2.86542  -1.68357  -1.34139  -1.75568
-0.875041  -3.14033  -1.76896  -2.84977  -1.67649  -1.33164  -1.74574
-0.861039  -3.12096  -1.75454  -2.83416   -1.6694  -1.32192  -1.73584
-0.847091  -3.10165  -1.74017  -2.81858   -1.6623  -1.31223  -1.72596
-0.833196  -3.08238  -1.72585  -2.80303  -1.65519  -1.30255  -1.71612
-0.819353  -3.06316  -1.71158  -2.78752  -1.64807  -1.29291  -1.70631
-0.805562    -3.044  -1.69736  -2.77204  -1.64093  -1.28329  -1.69653
-0.791821  -3.02488   -1.6832  -2.75659  -1.63379   -1.2737  -1.68679
-0.778131  -3.00581  -1.66909  -2.74118  -1.62664  -1.26413  -1.67707
-0.76449 -2.98679 -1.65503  -2.7258 -1.61947  -1.2546 -1.66739
-0.750898  -2.96783  -1.64102  -2.71045   -1.6123  -1.24509  -1.65774
-0.737354  -2.94891  -1.62707  -2.69514  -1.60511   -1.2356  -1.64811
-0.723858  -2.93004  -1.61317  -2.67986  -1.59792  -1.22615  -1.63852
-0.710408  -2.91122  -1.59932  -2.66461  -1.59072  -1.21672  -1.62896
-0.697006  -2.89245  -1.58553   -2.6494  -1.58351  -1.20732  -1.61944
-0.683649  -2.87373  -1.57179  -2.63422  -1.57629  -1.19795  -1.60994
-0.670338  -2.85505  -1.55811  -2.61907  -1.56907  -1.18861  -1.60047
-0.657072  -2.83643  -1.54448  -2.60396  -1.56183   -1.1793  -1.59104
-0.64385 -2.81786  -1.5309 -2.58888 -1.55459 -1.17001 -1.58163
-0.630673  -2.79933  -1.51737  -2.57383  -1.54734  -1.16076  -1.57225
-0.617538  -2.78085   -1.5039  -2.55882  -1.54009  -1.15153  -1.56291
-0.604448  -2.76243  -1.49049  -2.54384  -1.53283  -1.14234   -1.5536
 -0.5914 -2.74405 -1.47712 -2.52889 -1.52556 -1.13317 -1.54431
-0.578394  -2.72571  -1.46381  -2.51398  -1.51829  -1.12403  -1.53506
-0.56543 -2.70743 -1.45056  -2.4991 -1.51101 -1.11493 -1.52583
-0.552508   -2.6892  -1.43735  -2.48425  -1.50373  -1.10585  -1.51664
-0.539627  -2.67101   -1.4242  -2.46943  -1.49645   -1.0968  -1.50747
-0.526787  -2.65287   -1.4111  -2.45465  -1.48915  -1.08778  -1.49834
-0.513988  -2.63478  -1.39806  -2.43991  -1.48186  -1.07879  -1.48923
-0.501229  -2.61674  -1.38507  -2.42519  -1.47456  -1.06983  -1.48016
-0.48851 -2.59875 -1.37213 -2.41051 -1.46726  -1.0609 -1.47111
-0.475831   -2.5808  -1.35924  -2.39586  -1.45995  -1.05201  -1.46209
-0.463191   -2.5629   -1.3464  -2.38125  -1.45264  -1.04314   -1.4531
-0.45059 -2.54505 -1.33362 -2.36666 -1.44533  -1.0343 -1.44414
-0.438028  -2.52725  -1.32089  -2.35211  -1.43802  -1.02549  -1.43521
-0.425505  -2.50949  -1.30821   -2.3376   -1.4307  -1.01671  -1.42631
-0.41302 -2.49178 -1.29558 -2.32311 -1.42339 -1.00796 -1.41743
-0.400572  -2.47412    -1.283  -2.30864  -1.41607 -0.999245  -1.40859
-0.388163   -2.4565  -1.27047  -2.29424  -1.40875 -0.990557  -1.39977
-0.375792  -2.43894    -1.258  -2.27985  -1.40143 -0.981899  -1.39098
-0.363458  -2.42142  -1.24557   -2.2655  -1.39411 -0.973271  -1.38222
-0.351161  -2.40395  -1.23319  -2.25118  -1.38679 -0.964673  -1.37349
-0.338901  -2.38652  -1.22087   -2.2369  -1.37947 -0.956105  -1.36479
-0.326678  -2.36914  -1.20859  -2.22264  -1.37215 -0.947567  -1.35611
-0.314492  -2.35181  -1.19637  -2.20839  -1.36483 -0.939058  -1.34746
-0.302342  -2.33452  -1.18419  -2.19419  -1.35751  -0.93058  -1.33884
-0.290229  -2.31728  -1.17206  -2.18003  -1.35019 -0.922132  -1.33025
-0.278151  -2.30009  -1.15998  -2.16589  -1.34287 -0.913713  -1.32168
 -0.26611  -2.28295  -1.14795   -2.1518  -1.33556 -0.905324  -1.31314
-0.254104  -2.26585  -1.13596  -2.13776  -1.32824 -0.896965  -1.30463
-0.242133  -2.24879  -1.12403  -2.12374  -1.32093 -0.888635  -1.29615
-0.230199  -2.23179  -1.11214  -2.10975  -1.31362 -0.880335  -1.28769
  -0.2183  -2.21483   -1.1003  -2.09579  -1.30632 -0.872065  -1.27926
-0.206436  -2.19791  -1.08851  -2.08187  -1.29901 -0.863825  -1.27085
-0.194606  -2.18105  -1.07676  -2.06798  -1.29171 -0.855613  -1.26248
-0.182812  -2.16422  -1.06507  -2.05411  -1.28442 -0.847431  -1.25413
-0.171053  -2.14745  -1.05341  -2.04028  -1.27712 -0.839279   -1.2458
-0.159328  -2.13072  -1.04181  -2.02648  -1.26983 -0.831155   -1.2375
-0.147638  -2.11403  -1.03025  -2.01272  -1.26255 -0.823061  -1.22923
-0.135982   -2.0974  -1.01873  -1.99897  -1.25527 -0.814995  -1.22099
-0.124361   -2.0808  -1.00727  -1.98528  -1.24799 -0.806959  -1.21277
-0.112773  -2.06426 -0.995842   -1.9716  -1.24072 -0.798952  -1.20457
 -0.10122  -2.04775 -0.984464  -1.95796  -1.23345 -0.790974   -1.1964
-0.0897013    -2.0313   -0.97313   -1.94436   -1.22618  -0.783024   -1.18826
-0.078216  -2.01489 -0.961841  -1.93077  -1.21893 -0.775103  -1.18015
-0.066765  -1.99852 -0.950596  -1.91723  -1.21167 -0.767211  -1.17205
-0.0553473    -1.9822  -0.939396   -1.90372   -1.20443  -0.759347   -1.16399
-0.0439628   -1.96593  -0.928239   -1.89024   -1.19718  -0.751511   -1.15595
-0.0326124    -1.9497  -0.917126    -1.8768   -1.18995  -0.743704   -1.14793
-0.0212955   -1.93351  -0.906056   -1.86338   -1.18272  -0.735926   -1.13994
-0.010012  -1.91737 -0.895029     -1.85   -1.1755 -0.728175  -1.13198
0.00123837   -1.90128  -0.884044   -1.83665   -1.16828  -0.720453   -1.12404
 0.069303   -1.8804  -1.05416  -1.83951  -1.02129 -0.669543  -1.10855
 0.121846  -1.86089  -1.16642  -1.83707 -0.929637 -0.627159  -1.10424
 0.163269  -1.84236  -1.24043  -1.83122 -0.871375 -0.592303  -1.10416
 0.196656  -1.82454  -1.28886  -1.82317 -0.833168  -0.56376  -1.10483
  0.22419  -1.80724  -1.31996  -1.81369 -0.806969 -0.540341  -1.10471
 0.247438  -1.79034  -1.33921  -1.80328  -0.78794 -0.520991  -1.10327
 0.267528  -1.77373  -1.35028  -1.79224  -0.77318 -0.504826  -1.10047
 0.285279  -1.75735  -1.35563  -1.78079 -0.760951 -0.491125  -1.09647
 0.301145  -1.74106  -1.35695  -1.76899  -0.74988 -0.479634   -1.0915
 0.315893  -1.72504  -1.35543  -1.75708 -0.740149 -0.469182   -1.0858
 0.329659  -1.70913   -1.3519  -1.74503 -0.730882 -0.459857  -1.07952
 0.342684  -1.69332  -1.34693  -1.73291 -0.721887 -0.451386  -1.07283
0.355149  -1.6776 -1.34093 -1.72072 -0.71305 -0.44356 -1.06586
 0.366955  -1.66208  -1.33417  -1.70863 -0.704465 -0.436578  -1.05868
 0.378721  -1.64647  -1.32685  -1.69636 -0.695742 -0.429517  -1.05137
  0.39022  -1.63093  -1.31915  -1.68409 -0.687072 -0.422765  -1.04397
 0.401491  -1.61537  -1.31116  -1.67168 -0.678063 -0.416357  -1.03654
 0.412619  -1.59998  -1.30295  -1.65946 -0.669605 -0.409985  -1.02909
 0.423832  -1.58459   -1.2946   -1.6471 -0.661647 -0.403891   -1.0216
 0.434243  -1.56921  -1.28618  -1.63488 -0.653499 -0.397818  -1.01407
 0.445043  -1.55382  -1.27767  -1.62269  -0.64522 -0.391889  -1.00654
 0.455978  -1.53879  -1.26909  -1.61051 -0.636813 -0.385825 -0.999038
 0.466282  -1.52376  -1.26048  -1.59835 -0.628289 -0.380222 -0.991554
 0.477062  -1.50874  -1.25181  -1.58621 -0.619689 -0.373912 -0.984107
 0.487771  -1.49371  -1.24313  -1.57409 -0.611007 -0.368017 -0.976691
 0.498166  -1.47862  -1.23444  -1.56197 -0.602376 -0.362568 -0.969309
 0.508691  -1.46353  -1.22571  -1.55008 -0.593724 -0.356474 -0.961961
  0.51914  -1.44866  -1.21699  -1.53806 -0.585536 -0.350806 -0.954648
 0.529595   -1.4337  -1.20827  -1.52599 -0.576991 -0.344939 -0.947336
 0.539944  -1.41893  -1.19957  -1.51403 -0.568944 -0.339354 -0.940049
  0.55014  -1.40425  -1.19087  -1.50219 -0.560845 -0.333698 -0.932761
 0.560445  -1.38953  -1.18218  -1.49024  -0.55279 -0.328139 -0.925482
 0.570709  -1.37485  -1.17351  -1.47832  -0.54474 -0.322581 -0.918215
 0.580933  -1.36022  -1.16484  -1.46643 -0.536705  -0.31703 -0.910966
 0.591118  -1.34563  -1.15618  -1.45457 -0.528691 -0.311488 -0.903735
 0.601267  -1.33108  -1.14753  -1.44273 -0.520702 -0.305957 -0.896525
  0.61138  -1.31658  -1.13889  -1.43091 -0.512742 -0.300438 -0.889335
  0.62193  -1.30192  -1.13027  -1.41904 -0.505126 -0.295278  -0.88216
 0.631861  -1.28755  -1.12167  -1.40731 -0.497103  -0.28969 -0.874991
 0.641784  -1.27322  -1.11307  -1.39559 -0.489157 -0.284145 -0.867858
  0.65164  -1.25889  -1.10447  -1.38398 -0.481452 -0.278688 -0.860748
 0.661542  -1.24464  -1.09588  -1.37228 -0.473555 -0.273194 -0.853657
 0.671579  -1.23033   -1.0873   -1.3605 -0.465722 -0.267404 -0.846589
 0.681746  -1.21626  -1.07873   -1.3488 -0.457826 -0.261924 -0.839555
 0.690943  -1.20221  -1.07018  -1.33718 -0.449877 -0.256875  -0.83255
 0.700264  -1.18818   -1.0616  -1.32557 -0.441921 -0.250949 -0.825577
 0.710172  -1.17408  -1.05303  -1.31404 -0.434468 -0.245722 -0.818619
 0.720018  -1.16002  -1.04449  -1.30253 -0.426972 -0.240475 -0.811658
 0.729806  -1.14602  -1.03598  -1.29104 -0.419458 -0.235217 -0.804706
 0.739931  -1.13199   -1.0275  -1.27961 -0.412523 -0.229622 -0.797757
  0.74953  -1.11811  -1.01906  -1.26816 -0.404802 -0.224457 -0.790808
 0.759105  -1.10426   -1.0106  -1.25673 -0.397183 -0.219268 -0.783906
  0.76892  -1.09041  -1.00216  -1.24531 -0.389869 -0.213545 -0.777025
 0.778618  -1.07662  -0.99374   -1.2339 -0.382478 -0.208261 -0.770163
  0.78791  -1.06295 -0.985345   -1.2225 -0.375433 -0.203399 -0.763321
 0.797321  -1.04929 -0.976943  -1.21118 -0.367766 -0.198278 -0.756488
 0.806713  -1.03566 -0.968536  -1.19989 -0.360232  -0.19314 -0.749703
 0.816344  -1.02203 -0.960135  -1.18858 -0.353098 -0.188231 -0.742955
 0.825632   -1.0085 -0.951761  -1.17734 -0.345614 -0.183022 -0.736201
 0.835165 -0.994968 -0.943394  -1.16604 -0.338405 -0.178219 -0.729484
 0.844175 -0.981453 -0.935047  -1.15489 -0.331148  -0.17227 -0.722772
 0.853239 -0.968054  -0.92672  -1.14375 -0.323856 -0.166762 -0.716095
 0.862496 -0.954696 -0.918397  -1.13258 -0.316558 -0.161851 -0.709436
 0.871808 -0.941368 -0.910101  -1.12142 -0.309999 -0.157147 -0.702761
 0.881241 -0.928054 -0.901806  -1.11027 -0.301951 -0.152604 -0.696141
 0.890315 -0.914818 -0.893509  -1.09919 -0.294893 -0.147403  -0.68957
 0.899085 -0.901536 -0.885243   -1.0881  -0.28833 -0.142753 -0.682985
 0.908199 -0.888398 -0.876991  -1.07709 -0.281141 -0.137507 -0.676403
 0.917273   -0.8753 -0.868759   -1.0661 -0.274023 -0.132329 -0.669856
 0.925964 -0.862219 -0.860555  -1.05513 -0.267325 -0.126908 -0.663324
 0.934771 -0.849274 -0.852373  -1.04416 -0.260571 -0.121841 -0.656795
 0.943869  -0.83626   -0.8442  -1.03323 -0.253389 -0.116886 -0.650289
 0.953279 -0.823189 -0.836032  -1.02235  -0.24591 -0.111397 -0.643834
 0.961901 -0.810225 -0.827887  -1.01148 -0.238424  -0.10618 -0.637443
 0.970643 -0.797439 -0.819757  -1.00055 -0.232484 -0.101356 -0.631059
  0.979553  -0.784609   -0.81166  -0.989712  -0.225553 -0.0966261   -0.62463
  0.988411  -0.771818  -0.803573  -0.978895  -0.218682 -0.0918512  -0.618234
  0.997222  -0.759066    -0.7955  -0.968102  -0.211858 -0.0870482  -0.611864
   1.00599  -0.746346  -0.787444   -0.95736  -0.205072 -0.0822295  -0.605516
   1.01472  -0.733675  -0.779405   -0.94661   -0.19832 -0.0774029  -0.599188
  1.02341 -0.721045 -0.771384 -0.935882 -0.191599 -0.072575  -0.59288
   1.03206  -0.708454  -0.763382  -0.925184  -0.184905 -0.0677499  -0.586592
   1.04067  -0.695904  -0.755398  -0.914512  -0.178238 -0.0629306  -0.580322
   1.04925  -0.683393  -0.747433  -0.903865  -0.171598 -0.0581194  -0.574072
    1.0578  -0.670922  -0.739486  -0.893244  -0.164983 -0.0533177  -0.567842
    1.0668  -0.658602  -0.731559  -0.882652  -0.158823 -0.0484268  -0.561625
   1.07517  -0.646183  -0.723682  -0.872083  -0.152093 -0.0436788  -0.555405
   1.08353  -0.633812  -0.715804  -0.861535  -0.145451 -0.0389316  -0.549226
   1.09187  -0.621486  -0.707934   -0.85101  -0.138872 -0.0341898  -0.543076
    1.1002  -0.609204  -0.700078  -0.840507  -0.132342 -0.0294557   -0.53695
   1.10852  -0.596965  -0.692239   -0.83003   -0.12585 -0.0247317  -0.530844
   1.11681  -0.584768  -0.684419  -0.819578  -0.119392 -0.0200185  -0.524757
   1.12507  -0.572612  -0.676619  -0.809149  -0.112963 -0.0153166  -0.518688
   1.13331  -0.560498  -0.668838  -0.798745  -0.106561 -0.0106268  -0.512638
    1.14146   -0.548375   -0.661081   -0.788372   -0.100509 -0.00625138   -0.506596
    1.14967   -0.536405   -0.653345   -0.778009  -0.0940368 -0.00150378    -0.50056
   1.15783  -0.524407  -0.645626  -0.767681 -0.0876422 0.00320977  -0.494564
  1.16827 -0.510692  -0.58166 -0.762731   -0.1302  0.115325 -0.482727
  1.17904 -0.497475 -0.535453 -0.757069 -0.154184  0.201193 -0.469443
  1.18912 -0.484559 -0.501269 -0.750611 -0.166423  0.267543   -0.4566
  1.19909 -0.471939 -0.475228 -0.743481  -0.17154  0.319046 -0.444929
  1.20934 -0.459626 -0.454711 -0.735699 -0.172328  0.359413 -0.434538
  1.21891 -0.447433 -0.438072 -0.727499 -0.170502  0.391115 -0.425313
  1.22816 -0.435371 -0.424092 -0.718787 -0.167089  0.416346  -0.41706
  1.23711 -0.423447 -0.411972 -0.709856 -0.162742  0.436641  -0.40957
  1.24581 -0.411618 -0.401156 -0.700653 -0.157827  0.453177 -0.402659
  1.25429 -0.399885 -0.391265 -0.691259 -0.152584  0.466842 -0.396179
   1.2626 -0.388224 -0.382035 -0.681715 -0.147159  0.478311 -0.390015
  1.27075 -0.376619 -0.373279 -0.672052 -0.141634  0.488099 -0.384081
  1.27877 -0.365081 -0.364871 -0.662318  -0.13606  0.496598 -0.378316
  1.28668 -0.353605 -0.356712 -0.652577 -0.130471  0.504107 -0.372675
   1.2945 -0.342165 -0.348752 -0.642735 -0.124883  0.510854 -0.367125
  1.30224  -0.33079 -0.340936 -0.632849 -0.119306  0.517014 -0.361645
  1.30991 -0.319437 -0.333231 -0.622983 -0.113744  0.522721 -0.356219
  1.31752 -0.308128 -0.325615 -0.613112 -0.108203  0.528077 -0.350837
  1.32508 -0.296862 -0.318069 -0.603243 -0.102683  0.533161 -0.345492
   1.33259  -0.285638  -0.310581  -0.593381 -0.0971851   0.538031  -0.340179
  1.34006 -0.274455 -0.303144  -0.58353  -0.09171  0.542734 -0.334894
  1.34748 -0.263311  -0.29575 -0.573691 -0.086258  0.547305 -0.329636
   1.35487  -0.252208  -0.288394  -0.563869 -0.0808279   0.551771  -0.324402
   1.36222  -0.241152  -0.281074  -0.554048 -0.0754204   0.556152  -0.319192
   1.36954  -0.230125  -0.273786  -0.544264 -0.0700356   0.560466  -0.314004
  1.37682 -0.219138  -0.26653 -0.534467 -0.064673  0.564723 -0.308839
   1.38407  -0.208188  -0.259302  -0.524729 -0.0593323   0.568933  -0.303696
   1.39129  -0.197277  -0.252101  -0.515009 -0.0540138   0.573103  -0.298575
   1.39848  -0.186435  -0.244931  -0.505277 -0.0487172    0.57724  -0.293477
   1.40564  -0.175594  -0.237785  -0.495603 -0.0434423   0.581346  -0.288399
   1.41276  -0.164819  -0.230664  -0.485918 -0.0381888   0.585424  -0.283341
  1.41986 -0.154057 -0.223572 -0.476331 -0.032957  0.589483 -0.278308
   1.42693   -0.14331  -0.216506  -0.466748 -0.0277435   0.593515  -0.273296
   1.43397  -0.132647  -0.209467   -0.45717 -0.0225576   0.597527  -0.268305
  1.44098 -0.122029 -0.202453 -0.447595 -0.017394  0.601522 -0.263337
   1.44796  -0.111421  -0.195465  -0.438025 -0.0122485   0.605495  -0.258389
    1.45492   -0.100891   -0.188501   -0.428459 -0.00712381    0.609448   -0.253459
    1.46184  -0.0903342   -0.181565   -0.418939 -0.00202087    0.613386   -0.248554
   1.46873 -0.0798188  -0.174655  -0.409444 0.00306014   0.617308  -0.243669
   1.48999 -0.0680053   -0.25993  -0.426326   0.283406   0.591528 -0.0496525
   1.50733 -0.0566269  -0.320821  -0.436813   0.497476   0.573203   0.083122
    1.5223 -0.0441656  -0.365786  -0.452273   0.726798   0.561672   0.622242
   1.53517 -0.0321274   -0.39767  -0.463088   0.912353   0.554032    1.08806
   1.54644 -0.0204563   -0.41961  -0.469966     1.0615   0.549314    1.48323
   1.55643 -0.0090397     -0.434  -0.473829    1.18033   0.546449    1.81122
   1.56558 0.00204775  -0.442703  -0.474501    1.27428     0.5456    2.07823
  1.57594 0.0225804 -0.442307 -0.491543   1.35241   0.54967   2.30564
  1.58498 0.0405085 -0.440152 -0.501957   1.41362  0.553333   2.48579
  1.59331 0.0564587  -0.43669  -0.50823   1.46148  0.557208   2.62732
  1.60118 0.0709125  -0.43221 -0.510635   1.49893  0.560985   2.73784
  1.60869 0.0842343 -0.426976 -0.510125   1.52833  0.564675   2.82376
  1.61595 0.0966981 -0.421188 -0.507421   1.55154  0.568232   2.89032
  1.62299  0.108509 -0.415002 -0.503071      1.57   0.57178   2.94176
  1.62989  0.119822  -0.40853 -0.497489   1.58483  0.575281   2.98141
  1.63649  0.130753 -0.401852 -0.491088   1.59689    0.5787    3.0119
  1.64327  0.141388 -0.395039 -0.483342   1.60683  0.582144   3.03531
  1.64899  0.151793 -0.388189 -0.476651   1.61517  0.585448   3.05322
  1.65574  0.162013 -0.381197 -0.468417   1.62225   0.58877   3.06688
  1.66237  0.172088 -0.374187 -0.459942   1.62841  0.592011   3.07728
  1.66885  0.182047 -0.367172 -0.451322   1.63386  0.595351   3.08514
  1.67534  0.191908 -0.360157 -0.442535   1.63878  0.598567   3.09106
  1.68091  0.201687 -0.353173 -0.434148   1.64331  0.601913   3.09543
  1.68748  0.211394 -0.346161  -0.42508   1.64746  0.605047   3.09868
  1.69396  0.221041 -0.339182 -0.416003   1.65139  0.608169   3.10104
  1.70035  0.230632 -0.332235 -0.406925   1.65513  0.611277    3.1027
  1.70668  0.240173 -0.325317 -0.397851   1.65874  0.614373   3.10382
  1.71294  0.249668 -0.318429 -0.388783   1.66223  0.617455   3.10453
  1.71915  0.259119 -0.311572 -0.379726   1.66564  0.620523   3.10492
  1.72532  0.268528 -0.304745 -0.370681   1.66899  0.623576   3.10505
  1.73145  0.277896 -0.297948 -0.361649   1.67227  0.626619   3.10498
  1.73753  0.287225 -0.291182 -0.352634   1.67551  0.629642   3.10477
  1.74359  0.296515 -0.284448 -0.343634   1.67872   0.63265   3.10443
  1.74961  0.305768 -0.277745 -0.334652    1.6819  0.635644   3.10399
   1.7556  0.314983 -0.271074 -0.325688   1.68505  0.638622   3.10348
  1.76155  0.324161 -0.264434 -0.316742   1.68818  0.641539    3.1029
  1.76748  0.333304 -0.257828 -0.307814   1.69129    0.6445   3.10228
  1.77337  0.342409 -0.251255 -0.298906   1.69439  0.647444   3.10161
  1.77924   0.35148 -0.244714 -0.290017   1.69747  0.650372   3.10091
  1.78508  0.360514 -0.238207 -0.281147   1.70054  0.653374   3.10019
   1.7909  0.369512  -0.23173 -0.272296    1.7036  0.656248   3.09943
  1.79668  0.378475 -0.225285 -0.263464   1.70664  0.659128   3.09865
  1.80244  0.387403 -0.218876 -0.254652   1.70968  0.661976   3.09786
  1.80817  0.396293   -0.2125 -0.245859    1.7127  0.664813   3.09704
  1.81387   0.40515 -0.206157 -0.237086   1.71572  0.667662   3.09621
  1.81954  0.413972 -0.199847 -0.228332   1.71873   0.67047   3.09537
  1.82519  0.422759 -0.193571 -0.219598   1.72173  0.673266   3.09451
  1.83081   0.43151 -0.187327 -0.210884   1.72472  0.676049   3.09363
  1.83641  0.440227 -0.181117 -0.202189    1.7277  0.678772   3.09275
  1.84198  0.448908 -0.174941 -0.193514   1.73068  0.681542   3.09185
  1.84752  0.457555 -0.168798 -0.184857   1.73364  0.684245   3.09093
  1.85303  0.466167 -0.162688 -0.176221    1.7366  0.686946   3.09001
  1.85852  0.474742 -0.156613 -0.167604   1.73955  0.689694   3.08907
  1.86398  0.483284  -0.15057 -0.159007    1.7425  0.692445   3.08813
  1.86942  0.491791 -0.144561  -0.15043   1.74543  0.695133   3.08717
  1.87483  0.500263 -0.138584 -0.141872   1.74836  0.697785   3.08619
  1.88021  0.508701 -0.132642 -0.133331   1.75128  0.700393   3.08521
  1.88557  0.517104 -0.126733 -0.124812   1.75419  0.703072   3.08422
  1.89089  0.525473 -0.120858 -0.116313    1.7571  0.705732   3.08321
   1.8962  0.533809 -0.115016 -0.107833   1.75999  0.708372   3.08219
   1.90147   0.542109  -0.109208 -0.0993715    1.76288   0.710997    3.08116
   1.90673   0.550375  -0.103433 -0.0909303    1.76577   0.713604    3.08012
   1.91195   0.558608 -0.0976917 -0.0825085    1.76864   0.716195    3.07907
   1.91714   0.566806 -0.0919832 -0.0741066    1.77151   0.718724    3.07801
   1.92232   0.574969 -0.0863098 -0.0657234    1.77438   0.721296    3.07693
   1.92747   0.583098 -0.0806698 -0.0573596    1.77723   0.723852    3.07585
   1.93259   0.591193 -0.0750633 -0.0490157    1.78008   0.726368    3.07475
   1.93769   0.599253 -0.0694918 -0.0406876    1.78292   0.728944    3.07364
   1.94276    0.60728 -0.0639523 -0.0323826    1.78576   0.731488    3.07252
    1.9478   0.615282 -0.0584445 -0.0240974    1.78859   0.733923    3.07139
   1.95355   0.623239 -0.0529652 -0.0165251    1.79141   0.736339    3.07024
   1.95836   0.631161 -0.0475417 -0.0080976    1.79423   0.738809    3.06907
    1.9632   0.639051 -0.0421447 0.00026335    1.79704   0.741278    3.06791
   1.96395   0.637622 -0.0315859  0.0363515    1.75614   0.743221    3.02115
   1.96572   0.638384 -0.0225177  0.0657157    1.72588   0.745192    2.98456
   1.96823     0.6408 -0.0145144  0.0899731    1.70361   0.747219    2.95582
    1.97129    0.644468 -0.00728562    0.110351     1.68738    0.749438     2.93317
     1.97476     0.649078 -0.000613315     0.127781      1.67571      0.75169      2.91525
 1.97852 0.654397 0.005646 0.142965   1.6675 0.754071    2.901
 1.95211 0.662717  0.17914 0.161811  1.52023 0.816873    2.887
 1.93227 0.670875 0.317097 0.178365  1.40441 0.867564  2.87534
 1.91759 0.678889 0.427043 0.193159  1.31316 0.908554  2.86534
 1.90676 0.686775 0.514848 0.206901  1.24129 0.942085  2.85663
 1.89938 0.694546 0.585153 0.219183  1.18475 0.968985  2.84896
 1.89451 0.702217 0.641597 0.230637  1.14042 0.990907  2.84222
 1.89161 0.709801 0.687079 0.241435  1.10583  1.00885  2.83628
 1.89026 0.717307 0.723886   0.2517  1.07901  1.02361  2.83107
 1.89014 0.724744 0.753837  0.26154  1.05841  1.03583  2.82652
 1.89097 0.732118 0.778368 0.271036  1.04277  1.04602  2.82255
 1.89255 0.739437 0.798615 0.280252  1.03111   1.0546   2.8191
 1.89471 0.746705 0.815475 0.289241  1.02263  1.06189  2.81611
 1.89733 0.753924 0.829658 0.298043   1.0167  1.06816  2.81353
 1.90031 0.761099 0.841725 0.306692  1.01279   1.0736  2.81129
 1.90356 0.768232 0.852117 0.315213  1.01051   1.0784  2.80936
 1.90702 0.775325 0.861182  0.32363  1.00953  1.08267  2.80768
 1.91064 0.782379 0.869197 0.331957  1.00958  1.08653  2.80623
 1.91438 0.789396 0.876378  0.34021  1.01045  1.09006  2.80496
 1.91822 0.796376 0.882896 0.348399  1.01199  1.09333  2.80384
 1.92212 0.803321 0.888888 0.356534  1.01404  1.09638  2.80286
 1.92606  0.81023 0.894459 0.364621  1.01651  1.09925  2.80198
 1.93004 0.817105 0.899693 0.372667  1.01931  1.10199   2.8012
 1.93404 0.823945 0.904657 0.380675  1.02236  1.10462  2.80048
 1.93805 0.830752 0.909403  0.38865  1.02563  1.10715  2.79983
 1.94206 0.837525 0.913972 0.396595  1.02905  1.10961  2.79922
 1.94607 0.844264 0.918396 0.404511   1.0326  1.11201  2.79865
 1.95007  0.85097 0.922702 0.412402  1.03624  1.11436  2.79811
 1.95406 0.857643  0.92691 0.420268  1.03996  1.11666   2.7976
 1.95803 0.864283 0.931034 0.428111  1.04374  1.11893   2.7971
 1.96199  0.87089  0.93509 0.435931  1.04757  1.12116  2.79661
 1.96603 0.877464 0.939093 0.443687  1.05101   1.1241  2.79616
 1.97011 0.884005 0.942977 0.451258  1.05478  1.12716   2.7957
 1.97398 0.890514 0.946736 0.458943  1.05888  1.13034  2.79522
 1.97781  0.89699 0.950651 0.466763  1.06285  1.13186  2.79475
 1.98163 0.903434 0.954512 0.474543  1.06682   1.1335  2.79428
 1.98544 0.909845 0.958328  0.48229  1.07077  1.13524   2.7938
 1.98923 0.916223 0.962103 0.490006  1.07471  1.13705  2.79333
   1.993 0.922568 0.965842 0.497695  1.07864  1.13891  2.79285
 1.99676 0.928881 0.969548 0.505359  1.08257   1.1408  2.79237
 2.00049 0.935162 0.973225    0.513  1.08648  1.14273  2.79188
