dataQ
-0.203 -0.178  0.097  0.105  0.193 -0.274 -0.204
-0.203376 -0.179035  0.096355  0.104094   0.19246 -0.274435 -0.204553
-0.204129 -0.180841 0.0952602  0.102506  0.191487  -0.27527 -0.205748
-0.205139 -0.183223 0.0938239  0.100411  0.190218 -0.276383  -0.20733
-0.206324 -0.186033 0.0921311 0.0979378  0.188742 -0.277692 -0.209154
-0.207628 -0.189159 0.0902474 0.0951845  0.187122 -0.279137 -0.211128
-0.209012 -0.192517 0.0882232 0.0922249  0.185401 -0.280677 -0.213197
-0.210448 -0.196045 0.0860966 0.0891145  0.183608 -0.282284 -0.215323
-0.211916 -0.199695 0.0838966 0.0858947  0.181766 -0.283935 -0.217483
-0.213401 -0.203432 0.0816452 0.0825971  0.179891 -0.285616  -0.21966
-0.214896 -0.207228 0.0793591  0.079245  0.177993 -0.287315 -0.221845
-0.216391 -0.211064 0.0770506 0.0758562   0.17608 -0.289025  -0.22403
-0.217882 -0.214925 0.0747292  0.072444  0.174158 -0.290739 -0.226211
-0.219366 -0.218799 0.0724021 0.0690183  0.172231 -0.292455 -0.228386
-0.220839 -0.222678 0.0700746 0.0655868  0.170303 -0.294168 -0.230552
-0.222301 -0.226554 0.0677505 0.0621549  0.168376 -0.295877 -0.232708
-0.223749 -0.230424  0.065433  0.058727  0.166451  -0.29758 -0.234855
-0.225183 -0.234284 0.0631243 0.0553061  0.164529 -0.299276  -0.23699
-0.226602 -0.238131 0.0608261 0.0518948  0.162611 -0.300963 -0.239115
-0.228006 -0.241963 0.0585396 0.0484947  0.160699 -0.302642 -0.241228
-0.229394 -0.245778 0.0562657 0.0451072  0.158792 -0.304312  -0.24333
-0.230766 -0.249576 0.0540052 0.0417333  0.156891 -0.305973 -0.245422
-0.232123 -0.253356 0.0517586 0.0383737  0.154996 -0.307624 -0.247502
-0.233464 -0.257116 0.0495262 0.0350291  0.153107 -0.309266 -0.249571
-0.234788 -0.260857 0.0473082 0.0316997  0.151224 -0.310897 -0.251629
-0.236097 -0.264578 0.0451051 0.0283859  0.149348 -0.312519 -0.253676
 -0.23739 -0.268279 0.0429169 0.0250879  0.147478  -0.31413 -0.255713
-0.238666  -0.27196 0.0407438 0.0218058  0.145615 -0.315732 -0.257738
-0.239928  -0.27562 0.0385858 0.0185398  0.143759 -0.317323 -0.259753
-0.241173  -0.27926  0.036443   0.01529  0.141909 -0.318904 -0.261757
-0.242403  -0.28288 0.0343154 0.0120563  0.140067 -0.320475  -0.26375
 -0.243617   -0.28648  0.0322031 0.00883887    0.13823  -0.322036  -0.265732
 -0.244816  -0.290059   0.030106 0.00563766   0.136401  -0.323587  -0.267704
 -0.245999  -0.293617  0.0280241 0.00245267   0.134579  -0.325128  -0.269665
   -0.247167    -0.297155    0.0259574 -0.000716083     0.132763    -0.326659    -0.271616
  -0.248319   -0.300673    0.023906 -0.00386863    0.130954   -0.328179   -0.273556
  -0.249457   -0.304171   0.0218697 -0.00700498    0.129152    -0.32969   -0.275485
 -0.250579  -0.307648  0.0198486 -0.0101252   0.127357   -0.33119  -0.277404
 -0.251686  -0.311105  0.0178427 -0.0132292   0.125569   -0.33268  -0.279313
 -0.252778  -0.314542  0.0158518 -0.0163171   0.123787   -0.33416  -0.281211
 -0.253855  -0.317959  0.0138761 -0.0193889   0.122013  -0.335631  -0.283099
 -0.254918  -0.321356  0.0119154 -0.0224446   0.120245  -0.337091  -0.284976
 -0.255965  -0.324732 0.00996965 -0.0254843   0.118485  -0.338541  -0.286844
 -0.256998  -0.328089 0.00803891  -0.028508   0.116731  -0.339981    -0.2887
 -0.258016  -0.331426  0.0061231 -0.0315158   0.114984  -0.341411  -0.290547
  -0.25902  -0.334743 0.00422218 -0.0345076   0.113245  -0.342831  -0.292383
 -0.260009   -0.33804 0.00233611 -0.0374834   0.111512  -0.344242  -0.294209
  -0.260984   -0.341317 0.000464839  -0.0404434    0.109786   -0.345642   -0.296025
  -0.261944   -0.344575 -0.00139168  -0.0433876    0.108067   -0.347032   -0.297831
   -0.26289   -0.347813 -0.00323348  -0.0463159    0.106356   -0.348413   -0.299627
  -0.263821   -0.351031 -0.00506061  -0.0492285    0.104651   -0.349784   -0.301413
  -0.264739    -0.35423 -0.00687313  -0.0521253    0.102953   -0.351145   -0.303188
  -0.265642   -0.357409 -0.00867108  -0.0550064    0.101262   -0.352496   -0.304954
 -0.266531  -0.360569 -0.0104545 -0.0578718  0.0995789  -0.353837   -0.30671
 -0.267406  -0.363709 -0.0122235 -0.0607216  0.0979024  -0.355169  -0.308455
 -0.268267   -0.36683  -0.013978 -0.0635557   0.096233  -0.356491  -0.310191
 -0.269114  -0.369932 -0.0157182 -0.0663743  0.0945707  -0.357803  -0.311917
 -0.269947  -0.373014  -0.017444 -0.0691773  0.0929155  -0.359106  -0.313633
 -0.270767  -0.376077 -0.0191556 -0.0719648  0.0912674  -0.360399   -0.31534
 -0.271572  -0.379121  -0.020853 -0.0747369  0.0896265  -0.361682  -0.317036
 -0.272364  -0.382146 -0.0225362 -0.0774935  0.0879927  -0.362956  -0.318723
 -0.273142  -0.385152 -0.0242052 -0.0802346  0.0863661   -0.36422    -0.3204
 -0.273907  -0.388139 -0.0258603 -0.0829604  0.0847466  -0.365474  -0.322067
 -0.274658  -0.391107 -0.0275013 -0.0856709  0.0831343  -0.366719  -0.323725
 -0.275395  -0.394055 -0.0291284  -0.088366  0.0815292  -0.367955  -0.325373
 -0.276119  -0.396985 -0.0307415 -0.0910459  0.0799313  -0.369181  -0.327012
 -0.276829  -0.399897 -0.0323409 -0.0937105  0.0783406  -0.370398  -0.328641
 -0.277526  -0.402789 -0.0339264 -0.0963599  0.0767571  -0.371605   -0.33026
  -0.27821  -0.405663 -0.0354982 -0.0989941  0.0751808  -0.372803   -0.33187
  -0.27888  -0.408518 -0.0370563  -0.101613  0.0736117  -0.373992   -0.33347
 -0.279537  -0.411354 -0.0386008  -0.104217  0.0720499  -0.375171  -0.335062
 -0.280181  -0.414172 -0.0401317  -0.106806  0.0704953  -0.376341  -0.336643
-0.280812 -0.416972 -0.041649  -0.10938 0.0689479 -0.377502 -0.338215
 -0.281429  -0.419752 -0.0431529  -0.111939  0.0674078  -0.378653  -0.339778
 -0.282034  -0.422515 -0.0446434  -0.114482   0.065875  -0.379796  -0.341332
 -0.282625  -0.425259 -0.0461205  -0.117011  0.0643494  -0.380929  -0.342876
 -0.283204  -0.427985 -0.0475844  -0.119525  0.0628311  -0.382053  -0.344411
 -0.283769  -0.430692 -0.0490349  -0.122024  0.0613201  -0.383168  -0.345937
 -0.284322  -0.433381 -0.0504723  -0.124509  0.0598164  -0.384274  -0.347454
 -0.284861  -0.436052 -0.0518965  -0.126978    0.05832  -0.385371  -0.348961
 -0.285388  -0.438705 -0.0533076  -0.129433  0.0568308  -0.386458   -0.35046
 -0.285902   -0.44134 -0.0547056  -0.131873  0.0553489  -0.387537  -0.351949
 -0.286403  -0.443957 -0.0560907  -0.134298  0.0538744  -0.388607  -0.353429
 -0.286892  -0.446555 -0.0574628  -0.136708  0.0524071  -0.389668    -0.3549
 -0.287368  -0.449136 -0.0588221  -0.139104  0.0509472   -0.39072  -0.356362
 -0.287831  -0.451699 -0.0601685  -0.141486  0.0494945  -0.391763  -0.357815
 -0.288281  -0.454244 -0.0615021  -0.143852  0.0480492  -0.392797  -0.359259
-0.288719 -0.456771 -0.062823 -0.146204 0.0466112 -0.393823 -0.360695
 -0.289145  -0.459281 -0.0641312  -0.148542  0.0451805  -0.394839  -0.362121
 -0.289558  -0.461773 -0.0654267  -0.150865  0.0437571  -0.395847  -0.363538
 -0.289959  -0.464247 -0.0667097  -0.153174   0.042341  -0.396847  -0.364947
 -0.290347  -0.466703 -0.0679802  -0.155468  0.0409323  -0.397837  -0.366347
 -0.290722  -0.469142 -0.0692382  -0.157748  0.0395308  -0.398819  -0.367738
 -0.291086  -0.471564 -0.0704838  -0.160013  0.0381367  -0.399792   -0.36912
-0.291437 -0.473968 -0.071717 -0.162264 0.0367499 -0.400757 -0.370493
 -0.291776  -0.476354 -0.0729378  -0.164501  0.0353705  -0.401713  -0.371858
 -0.292103  -0.478723 -0.0741464  -0.166724  0.0339983  -0.402661  -0.373214
 -0.292417  -0.481075 -0.0753428  -0.168932  0.0326335    -0.4036  -0.374562
-0.292719  -0.48341 -0.076527 -0.171127  0.031276  -0.40453 -0.375901
 -0.29301 -0.485727 -0.077699 -0.173307 0.0299258 -0.405453 -0.377231
-0.293288 -0.488027 -0.078859 -0.175472 0.0285829 -0.406366 -0.378553
-0.293554  -0.49031 -0.080007 -0.177624 0.0272474 -0.407272 -0.379866
 -0.293808  -0.492576 -0.0811429  -0.179762  0.0259191  -0.408169   -0.38117
 -0.29405 -0.494825 -0.082267 -0.181886 0.0245982 -0.409057 -0.382466
  -0.29428  -0.497056 -0.0833791  -0.183996  0.0232846  -0.409937  -0.383754
 -0.294499  -0.499271 -0.0844794  -0.186091  0.0219783   -0.41081  -0.385033
 -0.294705  -0.501469 -0.0855679  -0.188173  0.0206793  -0.411673  -0.386304
   -0.2949   -0.50365 -0.0866447  -0.190241  0.0193875  -0.412529  -0.387567
 -0.295083  -0.505814 -0.0877098  -0.192295  0.0181031  -0.413376  -0.388821
 -0.295254  -0.507962 -0.0887632  -0.194336   0.016826  -0.414216  -0.390067
-0.295413 -0.510092 -0.089805 -0.196362 0.0155562 -0.415047 -0.391304
 -0.295561  -0.512207 -0.0908352  -0.198375  0.0142936   -0.41587  -0.392533
-0.295697 -0.514304 -0.091854 -0.200374 0.0130384 -0.416685 -0.393754
 -0.295821  -0.516385 -0.0928612  -0.202359  0.0117904  -0.417492  -0.394967
 -0.295934  -0.518449 -0.0938571  -0.204331  0.0105497  -0.418291  -0.396172
 -0.296035  -0.520497 -0.0948415  -0.206289 0.00931621  -0.419082  -0.397368
 -0.296125  -0.522528 -0.0958147  -0.208233 0.00809002  -0.419865  -0.398556
 -0.296203  -0.524543 -0.0967765  -0.210164  0.0068711   -0.42064  -0.399737
  -0.29627  -0.526541 -0.0977271  -0.212081 0.00565942  -0.421407  -0.400909
 -0.296325  -0.528524 -0.0986665  -0.213985   0.004455  -0.422166  -0.402073
 -0.296369   -0.53049 -0.0995947  -0.215875 0.00325781  -0.422918  -0.403229
 -0.296402  -0.532439  -0.100512  -0.217752 0.00206786  -0.423662  -0.404376
  -0.296423   -0.534373   -0.101418   -0.219615 0.000885145   -0.424398   -0.405516
   -0.296433     -0.53629    -0.102313    -0.221465 -0.000290352    -0.425126    -0.406648
  -0.296432   -0.538191   -0.103197   -0.223302 -0.00145863   -0.425846   -0.407772
  -0.296362   -0.540072   -0.104251   -0.225141 -0.00247992   -0.426516   -0.408881
   -0.29624   -0.541933   -0.105418   -0.226978 -0.00340956   -0.427143   -0.409985
  -0.296077   -0.543775   -0.106658    -0.22881 -0.00428093   -0.427735   -0.411089
 -0.295881    -0.5456  -0.107947  -0.230633 -0.0051141  -0.428299  -0.412194
  -0.295656   -0.547407   -0.109267   -0.232446 -0.00592107   -0.428839   -0.413299
  -0.295409   -0.549197   -0.110606    -0.23425 -0.00670901    -0.42936   -0.414402
  -0.295141   -0.550971   -0.111956   -0.236042 -0.00748219   -0.429865   -0.415503
  -0.294856   -0.552728   -0.113312   -0.237823 -0.00824314   -0.430356   -0.416599
  -0.294555   -0.554469   -0.114669   -0.239592 -0.00899302   -0.430836   -0.417691
  -0.294239   -0.556194   -0.116024   -0.241349 -0.00973317   -0.431305   -0.418776
-0.293909 -0.557904 -0.117376 -0.243094 -0.010464 -0.431765 -0.419856
 -0.293567  -0.559597  -0.118723  -0.244827 -0.0111859  -0.432216  -0.420929
-0.293212 -0.561274 -0.120064 -0.246547 -0.011899  -0.43266 -0.421995
 -0.292845  -0.562937  -0.121398  -0.248256 -0.0126035  -0.433097  -0.423053
 -0.292466  -0.564583  -0.122725  -0.249952 -0.0132992  -0.433526  -0.424105
 -0.292076  -0.566214  -0.124044  -0.251636 -0.0139863  -0.433949  -0.425149
 -0.291674  -0.567829  -0.125355  -0.253308 -0.0146643  -0.434365  -0.426185
 -0.291262  -0.569429  -0.126658  -0.254968 -0.0153339  -0.434775  -0.427214
 -0.290838  -0.571014  -0.127953  -0.256615 -0.0159956  -0.435179  -0.428236
 -0.290403  -0.572583  -0.129239   -0.25825 -0.0166491  -0.435577   -0.42925
 -0.289958  -0.574137  -0.130517  -0.259872 -0.0172943  -0.435969  -0.430257
 -0.289502  -0.575676  -0.131786  -0.261483 -0.0179311  -0.436355  -0.431256
 -0.289036  -0.577199  -0.133046  -0.263081 -0.0185594  -0.436735  -0.432247
 -0.288559  -0.578708  -0.134298  -0.264667 -0.0191791  -0.437109  -0.433231
 -0.288071  -0.580202  -0.135541  -0.266241 -0.0197901  -0.437477  -0.434208
 -0.287573  -0.581681  -0.136776  -0.267803 -0.0203925  -0.437839  -0.435177
 -0.287064  -0.583144  -0.138001  -0.269354 -0.0209862  -0.438196  -0.436139
 -0.286545  -0.584593  -0.139218  -0.270892 -0.0215717  -0.438547  -0.437094
 -0.286016  -0.586026  -0.140427  -0.272418 -0.0221487  -0.438891  -0.438041
 -0.285476  -0.587445  -0.141626  -0.273932 -0.0227177  -0.439231  -0.438981
 -0.284926   -0.58885  -0.142817  -0.275434 -0.0232785  -0.439565  -0.439914
 -0.284365  -0.590239  -0.143999  -0.276924 -0.0238313  -0.439893  -0.440839
-0.283795 -0.591614 -0.145173 -0.278402 -0.024376 -0.440215 -0.441758
 -0.283214  -0.592974  -0.146338  -0.279869 -0.0249127  -0.440532  -0.442669
 -0.282622   -0.59432  -0.147494  -0.281323 -0.0254414  -0.440844  -0.443572
 -0.282021  -0.595651  -0.148641  -0.282766 -0.0259621   -0.44115  -0.444469
  -0.28141  -0.596967   -0.14978  -0.284197 -0.0264749   -0.44145  -0.445358
-0.280788 -0.598269 -0.150911 -0.285616  -0.02698 -0.441745  -0.44624
 -0.280156  -0.599557  -0.152032  -0.287023 -0.0274771  -0.442035  -0.447115
 -0.279514   -0.60083  -0.153145  -0.288419 -0.0279663  -0.442319  -0.447983
 -0.278863  -0.602089   -0.15425  -0.289803 -0.0284477  -0.442598  -0.448844
 -0.278201  -0.603334  -0.155346  -0.291175 -0.0289213  -0.442871  -0.449698
-0.277529 -0.604564 -0.156433 -0.292536 -0.029387 -0.443139 -0.450544
 -0.276848   -0.60578  -0.157512  -0.293884 -0.0298448    -0.4434  -0.451384
 -0.276157  -0.606982  -0.158582  -0.295222 -0.0302947  -0.443657  -0.452216
 -0.275457  -0.608171  -0.159643  -0.296547 -0.0307366  -0.443908  -0.453042
 -0.274746  -0.609345  -0.160697  -0.297861 -0.0311711  -0.444154  -0.453861
 -0.274026  -0.610505  -0.161741  -0.299164 -0.0315981  -0.444395  -0.454672
 -0.273297  -0.611651  -0.162777  -0.300455 -0.0320175   -0.44463  -0.455477
-0.272557 -0.612783 -0.163804 -0.301734  -0.03243 -0.444859 -0.456275
 -0.271807  -0.613901  -0.164824  -0.303003 -0.0328348  -0.445084  -0.457065
-0.271048 -0.615005 -0.165834 -0.304259 -0.033232 -0.445303 -0.457849
 -0.270279  -0.616096  -0.166836  -0.305505 -0.0336219  -0.445517  -0.458626
   -0.2695  -0.617172   -0.16783  -0.306739 -0.0340044  -0.445725  -0.459397
 -0.268713  -0.618235  -0.168815  -0.307961 -0.0343798  -0.445928   -0.46016
 -0.267915  -0.619284  -0.169792  -0.309172 -0.0347476  -0.446127  -0.460916
 -0.267108   -0.62032  -0.170761  -0.310372 -0.0351078   -0.44632  -0.461666
 -0.266292  -0.621342  -0.171721  -0.311561 -0.0354609  -0.446508  -0.462409
 -0.265467  -0.622351  -0.172673  -0.312738 -0.0358065  -0.446691  -0.463145
 -0.264631  -0.623346  -0.173616  -0.313904 -0.0361449  -0.446869  -0.463875
 -0.263787  -0.624327  -0.174551  -0.315059 -0.0364761  -0.447041  -0.464597
 -0.262934  -0.625295  -0.175478  -0.316203 -0.0367999  -0.447208  -0.465314
 -0.262071   -0.62625  -0.176396  -0.317335 -0.0371165   -0.44737  -0.466023
   -0.2612  -0.627191  -0.177306  -0.318457 -0.0374265  -0.447527  -0.466726
 -0.260318  -0.628119  -0.178208  -0.319567 -0.0377284   -0.44768  -0.467422
 -0.259428  -0.629034  -0.179102  -0.320666 -0.0380233  -0.447827  -0.468111
 -0.258529  -0.629936  -0.179987  -0.321754 -0.0383117   -0.44797  -0.468794
 -0.257621  -0.630824  -0.180864  -0.322831 -0.0385928  -0.448107  -0.469471
 -0.256704  -0.631699  -0.181733  -0.323897 -0.0388668   -0.44824  -0.470141
 -0.255778  -0.632561  -0.182593  -0.324953 -0.0391341  -0.448367  -0.470804
 -0.254843  -0.633411  -0.183446  -0.325997 -0.0393947  -0.448489  -0.471461
 -0.253899  -0.634247   -0.18429   -0.32703 -0.0396481  -0.448605  -0.472111
-0.252946  -0.63507 -0.185126 -0.328052 -0.039894 -0.448717 -0.472755
 -0.251984   -0.63588  -0.185954  -0.329064 -0.0401324  -0.448823  -0.473392
 -0.251013  -0.636678  -0.186774  -0.330064 -0.0403649  -0.448924  -0.474023
 -0.250034  -0.637462  -0.187585  -0.331054 -0.0405905  -0.449021  -0.474648
 -0.249045  -0.638234  -0.188389  -0.332033 -0.0408092  -0.449113  -0.475266
-0.248048 -0.638993 -0.189184 -0.333001 -0.041021   -0.4492 -0.475878
 -0.247042   -0.63974  -0.189972  -0.333958 -0.0412261  -0.449282  -0.476484
 -0.246027  -0.640473  -0.190751  -0.334905 -0.0414244   -0.44936  -0.477083
-0.245004 -0.641194 -0.191522 -0.335841 -0.041616 -0.449432 -0.477676
 -0.243972  -0.641903  -0.192286  -0.336766 -0.0418009    -0.4495  -0.478262
 -0.242931  -0.642599  -0.193041  -0.337681 -0.0419792  -0.449563  -0.478843
 -0.241882  -0.643282  -0.193789  -0.338584 -0.0421507  -0.449621  -0.479417
 -0.240824  -0.643953  -0.194528  -0.339478 -0.0423157  -0.449674  -0.479985
 -0.239757  -0.644612   -0.19526   -0.34036 -0.0424746  -0.449723  -0.480546
 -0.238682  -0.645258  -0.195983  -0.341232 -0.0426266  -0.449766  -0.481102
 -0.237599  -0.645892  -0.196699  -0.342094 -0.0427721  -0.449805  -0.481651
-0.236507 -0.646513 -0.197407 -0.342945 -0.042911 -0.449839 -0.482194
 -0.235406  -0.647122  -0.198107  -0.343786 -0.0430433  -0.449869  -0.482731
 -0.234298  -0.647719  -0.198799  -0.344616 -0.0431692  -0.449894  -0.483262
 -0.233181  -0.648304  -0.199484  -0.345435 -0.0432886  -0.449914  -0.483786
 -0.232056  -0.648877  -0.200161  -0.346244 -0.0434015  -0.449929  -0.484305
 -0.230923  -0.649437  -0.200829  -0.347043 -0.0435081   -0.44994  -0.484818
 -0.229781  -0.649986   -0.20149  -0.347831 -0.0436086  -0.449946  -0.485324
 -0.228632  -0.650522  -0.202144  -0.348609 -0.0437026  -0.449947  -0.485825
 -0.227474  -0.651046  -0.202789  -0.349377 -0.0437903  -0.449944   -0.48632
 -0.226305  -0.651557  -0.203371   -0.35014 -0.0439205  -0.449829  -0.486802
 -0.225126  -0.652055  -0.203907  -0.350897 -0.0440747  -0.449628  -0.487272
 -0.223937  -0.652539  -0.204408  -0.351647 -0.0442411   -0.44936  -0.487728
 -0.222738  -0.653011  -0.204883  -0.352391 -0.0444126  -0.449041  -0.488173
 -0.221529  -0.653471  -0.205338  -0.353127 -0.0445849  -0.448682  -0.488608
  -0.22031  -0.653918  -0.205776  -0.353854 -0.0447554  -0.448291  -0.489033
 -0.219082  -0.654353    -0.2062  -0.354573 -0.0449225  -0.447874   -0.48945
 -0.217845  -0.654777  -0.206612  -0.355283 -0.0450853  -0.447438   -0.48986
 -0.216599  -0.655189  -0.207013  -0.355983 -0.0452431  -0.446984  -0.490262
 -0.215345  -0.655588  -0.207404  -0.356675 -0.0453957  -0.446518  -0.490659
 -0.214082  -0.655977  -0.207786  -0.357356 -0.0455428  -0.446039  -0.491049
 -0.212811  -0.656353   -0.20816  -0.358028 -0.0456845  -0.445551  -0.491433
 -0.211533  -0.656718  -0.208524  -0.358691 -0.0458205  -0.445054  -0.491811
-0.210246 -0.657072 -0.208881 -0.359343 -0.045951  -0.44455 -0.492184
 -0.208951  -0.657414   -0.20923  -0.359986 -0.0460759   -0.44404  -0.492551
 -0.207649  -0.657745  -0.209571  -0.360619 -0.0461952  -0.443523  -0.492912
 -0.206339  -0.658064  -0.209904  -0.361242 -0.0463089     -0.443  -0.493269
 -0.205022  -0.658373   -0.21023  -0.361855 -0.0464171  -0.442472  -0.493619
 -0.203697  -0.658669  -0.210548  -0.362458 -0.0465198  -0.441939  -0.493965
-0.202364 -0.658955 -0.210858 -0.363052 -0.046617 -0.441401 -0.494305
 -0.201024  -0.659229  -0.211162  -0.363635 -0.0467087  -0.440858   -0.49464
-0.199676 -0.659493 -0.211457 -0.364209 -0.046795  -0.44031  -0.49497
 -0.198322  -0.659745  -0.211746  -0.364773 -0.0468758  -0.439759  -0.495294
 -0.196959  -0.659986  -0.212027  -0.365327 -0.0469512  -0.439203  -0.495613
  -0.19559  -0.660216  -0.212301  -0.365871 -0.0470213  -0.438642  -0.495927
 -0.194213  -0.660435  -0.212567  -0.366406 -0.0470859  -0.438077  -0.496236
 -0.192829  -0.660644  -0.212826   -0.36693 -0.0471453  -0.437508   -0.49654
 -0.191438  -0.660841  -0.213078  -0.367445 -0.0471993  -0.436935  -0.496838
-0.190039 -0.661027 -0.213323 -0.367951 -0.047248 -0.436358 -0.497132
 -0.188634  -0.661203  -0.213561  -0.368446 -0.0472914  -0.435777   -0.49742
 -0.187221  -0.661368  -0.213792  -0.368932 -0.0473296  -0.435191  -0.497704
 -0.185801  -0.661522  -0.214015  -0.369408 -0.0473626  -0.434602  -0.497982
 -0.184374  -0.661665  -0.214232  -0.369875 -0.0473903  -0.434008  -0.498255
  -0.18294  -0.661798  -0.214441  -0.370332 -0.0474129  -0.433411  -0.498523
 -0.181499   -0.66192  -0.214644   -0.37078 -0.0474303  -0.432809  -0.498787
 -0.180051  -0.662031  -0.214839  -0.371218 -0.0474425  -0.432204  -0.499045
 -0.178596  -0.662132  -0.215028  -0.371646 -0.0474497  -0.431594  -0.499299
 -0.177134  -0.662222  -0.215209  -0.372065 -0.0474517  -0.430981  -0.499547
 -0.175666  -0.662302  -0.215384  -0.372475 -0.0474486  -0.430364  -0.499791
 -0.174176   -0.66237  -0.215644  -0.372901 -0.0471652  -0.429772  -0.499841
 -0.172668  -0.662427  -0.215965  -0.373338 -0.0466677  -0.429199  -0.499757
 -0.171146  -0.662471  -0.216331   -0.37379 -0.0459409  -0.428637  -0.499135
 -0.169611  -0.662503  -0.216728  -0.374253 -0.0450286  -0.428083  -0.498047
 -0.168064  -0.662524  -0.217148  -0.374723 -0.0439671  -0.427534  -0.496564
 -0.166508  -0.662533  -0.217582  -0.375197 -0.0427868  -0.426987  -0.494753
 -0.164942  -0.662531  -0.218025  -0.375672 -0.0415125  -0.426442  -0.492674
 -0.163366  -0.662508  -0.218467  -0.376163 -0.0401601  -0.425892  -0.490369
 -0.161781  -0.662467  -0.218907  -0.376665 -0.0387465  -0.425339  -0.487883
-0.160188 -0.662411 -0.219344 -0.377173 -0.037285 -0.424782 -0.485256
-0.158587  -0.66234 -0.219776 -0.377684 -0.035786 -0.424221 -0.482518
 -0.156978  -0.662256  -0.220203  -0.378194 -0.0342577  -0.423656  -0.479694
 -0.155362  -0.662159  -0.220624  -0.378701 -0.0327062  -0.423088  -0.476804
 -0.153739  -0.662051  -0.221039  -0.379205 -0.0311362  -0.422516  -0.473862
 -0.152109  -0.661931  -0.221448  -0.379702 -0.0295514  -0.421941  -0.470881
 -0.150473    -0.6618  -0.221849  -0.380193 -0.0279545  -0.421362  -0.467869
  -0.14883  -0.661659  -0.222244  -0.380676 -0.0263476   -0.42078  -0.464833
 -0.147181  -0.661507  -0.222633  -0.381153 -0.0247325  -0.420194   -0.46178
 -0.145525  -0.661345  -0.223014  -0.381622 -0.0231102  -0.419606  -0.458713
 -0.143863  -0.661173  -0.223388  -0.382081 -0.0214818  -0.419014  -0.455636
 -0.142194  -0.660991  -0.223755  -0.382533 -0.0198479  -0.418418  -0.452551
 -0.140518  -0.660799  -0.224115  -0.382975 -0.0182091   -0.41782   -0.44946
 -0.138837  -0.660597  -0.224469   -0.38341 -0.0165658  -0.417218  -0.446364
  -0.13715  -0.660386  -0.224815  -0.383835 -0.0149184  -0.416613  -0.443266
-0.135456 -0.660165 -0.225154 -0.384251 -0.013267 -0.416005 -0.440165
 -0.133756  -0.659934  -0.225486  -0.384658 -0.0116118  -0.415393  -0.437062
  -0.132049   -0.659694   -0.225811   -0.385055 -0.00995311   -0.414779   -0.433958
  -0.130336   -0.659444    -0.22613   -0.385444 -0.00829087   -0.414161   -0.430854
  -0.128617   -0.659185   -0.226441   -0.385824 -0.00662523   -0.413541   -0.427749
  -0.126892   -0.658917   -0.226746   -0.386195 -0.00495624   -0.412917   -0.424644
   -0.12516   -0.658639   -0.227044   -0.386556 -0.00328397   -0.412291   -0.421539
  -0.123423   -0.658352   -0.227335   -0.386909 -0.00160846   -0.411661   -0.418434
  -0.121679   -0.658055    -0.22762   -0.387252 7.02596e-05   -0.411028   -0.415329
 -0.119929  -0.657749  -0.227898  -0.387587 0.00175215  -0.410393  -0.412225
-0.118174 -0.657434 -0.228169 -0.387913 0.0034372 -0.409754 -0.409122
 -0.116412   -0.65711  -0.228433   -0.38823 0.00512538  -0.409113  -0.406019
 -0.114645  -0.656777  -0.228691  -0.388537 0.00681667  -0.408468  -0.402917
 -0.112871  -0.656434  -0.228942  -0.388836 0.00851105  -0.407821  -0.399815
-0.111092 -0.656083 -0.229187 -0.389126 0.0102085  -0.40717 -0.396714
-0.109307 -0.655722 -0.229425 -0.389407 0.0119091 -0.406517 -0.393614
-0.107516 -0.655353 -0.229657  -0.38968 0.0136127 -0.405861 -0.390515
-0.105719 -0.654974 -0.229882 -0.389943 0.0153193 -0.405202 -0.387416
-0.103917 -0.654587 -0.230101 -0.390198  0.017029  -0.40454 -0.384318
-0.102109 -0.654191 -0.230313 -0.390444 0.0187417 -0.403875 -0.381221
-0.100295 -0.653786  -0.23052 -0.390681 0.0204574 -0.403207 -0.378125
-0.0984755  -0.653372  -0.230719  -0.390909  0.0221761  -0.402537   -0.37503
-0.0966503  -0.652949  -0.230913  -0.391129  0.0238979  -0.401863  -0.371935
-0.0948194  -0.652517    -0.2311   -0.39134  0.0256226  -0.401187  -0.368841
-0.092983 -0.652077 -0.231281 -0.391542 0.0273503 -0.400509 -0.365749
-0.0911411  -0.651628  -0.231456  -0.391735   0.029081  -0.399827  -0.362657
-0.0892935  -0.651171  -0.231625   -0.39192  0.0308146  -0.399143  -0.359566
-0.0874405  -0.650704  -0.231788  -0.392096  0.0325512  -0.398456  -0.356476
-0.085582  -0.65023 -0.231944 -0.392264 0.0342907 -0.397766 -0.353387
-0.083718 -0.649746 -0.232095 -0.392423 0.0360332 -0.397074 -0.350299
-0.0818486  -0.649255   -0.23224  -0.392573  0.0377787  -0.396379  -0.347212
-0.0799738  -0.648754  -0.232378  -0.392715   0.039527  -0.395681  -0.344125
-0.0780936  -0.648246  -0.232511  -0.392849  0.0412783   -0.39498   -0.34104
-0.076208 -0.647729 -0.232638 -0.392973 0.0430325 -0.394277 -0.337956
-0.0743171  -0.647203  -0.232758   -0.39309  0.0447896  -0.393572  -0.334873
-0.0724209  -0.646669  -0.232873  -0.393198  0.0465496  -0.392863  -0.331791
-0.0705194  -0.646127  -0.232983  -0.393297  0.0483125  -0.392152  -0.328709
-0.0686127  -0.645577  -0.233086  -0.393388  0.0500782  -0.391439  -0.325629
-0.0667007  -0.645018  -0.233184   -0.39347  0.0518469  -0.390722   -0.32255
-0.0647836  -0.644451  -0.233276  -0.393545  0.0536184  -0.390004  -0.319472
-0.0628613  -0.643876  -0.233362   -0.39361  0.0553928  -0.389282  -0.316395
-0.0609338  -0.643293  -0.233443  -0.393668    0.05717  -0.388559  -0.313319
-0.0590012  -0.642702  -0.233518  -0.393717  0.0589501  -0.387832  -0.310245
-0.0570635  -0.642103  -0.233587  -0.393757   0.060733  -0.387103  -0.307171
-0.0551208  -0.641496  -0.233651   -0.39379  0.0625188  -0.386372  -0.304098
-0.053173  -0.64088  -0.23371 -0.393814 0.0643074 -0.385638 -0.301027
-0.0512194  -0.640257  -0.233763   -0.39383  0.0660988  -0.384901  -0.297957
-0.0492611  -0.639626   -0.23381  -0.393838   0.067893  -0.384163  -0.294888
-0.0472979  -0.638987  -0.233852  -0.393838    0.06969  -0.383421   -0.29182
-0.0453339  -0.638349  -0.233884  -0.393802  0.0714462  -0.382678  -0.288799
-0.0433682  -0.637711  -0.233906  -0.393736  0.0731721  -0.381933  -0.285814
  -0.0414  -0.63707 -0.233921 -0.393646 0.0748757 -0.381186 -0.282858
-0.0394287  -0.636426  -0.233928  -0.393536   0.076563  -0.380436  -0.279925
-0.0374539  -0.635777  -0.233929  -0.393408  0.0782388  -0.379685   -0.27701
-0.0354754  -0.635122  -0.233923  -0.393265  0.0799063  -0.378931  -0.274109
-0.0335233  -0.634459  -0.233744  -0.393103  0.0814265  -0.378114  -0.271222
-0.031591 -0.633789 -0.233427 -0.392925 0.0828309 -0.377246 -0.268347
-0.0296734   -0.63311     -0.233  -0.392732  0.0841441  -0.376338  -0.265481
-0.0277667  -0.632423  -0.232485  -0.392525  0.0853854  -0.375395  -0.262625
-0.0258673  -0.631728    -0.2319  -0.392306  0.0865701  -0.374427  -0.259776
-0.0239728  -0.631026  -0.231258  -0.392075  0.0877105  -0.373436  -0.256933
-0.0220812  -0.630316  -0.230571  -0.391834  0.0888164  -0.372427  -0.254097
-0.0201909  -0.629599  -0.229847  -0.391582  0.0898954  -0.371403  -0.251266
-0.0183008  -0.628874  -0.229094   -0.39132  0.0909538  -0.370367   -0.24844
-0.0164098  -0.628142  -0.228315  -0.391049  0.0919966  -0.369321  -0.245617
-0.0145172  -0.627403  -0.227517  -0.390769  0.0930277  -0.368267  -0.242798
-0.0126225  -0.626656  -0.226701   -0.39048  0.0940503  -0.367205  -0.239982
-0.0107252  -0.625902  -0.225871  -0.390182   0.095067  -0.366137  -0.237168
-0.00882489   -0.625141    -0.22503   -0.389875   0.0960798   -0.365063   -0.234357
-0.00692133   -0.624373   -0.224178    -0.38956   0.0970903   -0.363985   -0.231548
-0.00501431   -0.623597   -0.223316   -0.389236   0.0980998   -0.362902    -0.22874
-0.00310367   -0.622815   -0.222447   -0.388904   0.0991094   -0.361815   -0.225934
-0.00118928   -0.622026   -0.221571   -0.388564     0.10012   -0.360725   -0.223129
0.000728935   -0.621229   -0.220688   -0.388216    0.101132   -0.359632   -0.220325
0.00265105  -0.620426  -0.219799  -0.387859   0.102146  -0.358536  -0.217522
0.00457711  -0.619616  -0.218905  -0.387494   0.103162  -0.357436   -0.21472
0.00650715  -0.618799  -0.218005  -0.387122   0.104182  -0.356334  -0.211919
0.00844119  -0.617975    -0.2171  -0.386741   0.105204   -0.35523  -0.209118
0.0103792 -0.617144 -0.216191 -0.386352   0.10623 -0.354123 -0.206319
0.0123213 -0.616306 -0.215277 -0.385956  0.107259 -0.353013 -0.203519
0.0142674 -0.615462 -0.214358 -0.385551  0.108291 -0.351901 -0.200721
0.0162174 -0.614611 -0.213436 -0.385139  0.109328 -0.350787 -0.197923
0.0181715 -0.613753 -0.212509 -0.384719  0.110368  -0.34967 -0.195125
0.0201295 -0.612889 -0.211578 -0.384291  0.111411 -0.348551 -0.192328
0.0220915 -0.612018 -0.210643 -0.383855  0.112459  -0.34743 -0.189531
0.0240575 -0.611141 -0.209704 -0.383411   0.11351 -0.346306 -0.186735
0.0260276 -0.610257 -0.208761  -0.38296  0.114565 -0.345179 -0.183939
0.0280016 -0.609366 -0.207814 -0.382501  0.115624 -0.344048 -0.181144
0.0299794 -0.608469 -0.206863 -0.382034  0.116686 -0.342916 -0.178349
0.0319611 -0.607566 -0.205909 -0.381559  0.117753 -0.341783 -0.175555
0.0339465 -0.606656  -0.20495 -0.381077  0.118824 -0.340648 -0.172761
0.0359357  -0.60574 -0.203988 -0.380587  0.119899 -0.339511 -0.169968
0.0379287 -0.604817 -0.203022 -0.380089  0.120977 -0.338372 -0.167175
0.0399255 -0.603888 -0.202053 -0.379584   0.12206 -0.337231 -0.164383
 0.041926 -0.602953  -0.20108 -0.379071  0.123146 -0.336088 -0.161591
