dataError
0 0 0 0 0 0 0
 -12.2147  -2.62194  -1.72059  -1.43867  -1.10483   -1.9648 -0.365153
 -9.60555  -1.41037  -1.25358 -0.848917 -0.822853  -1.51323 -0.232461
 -8.00885 -0.845518 -0.960572 -0.547759 -0.658104  -1.23613 -0.170439
 -7.02236 -0.568127 -0.777037 -0.388757 -0.558295  -1.06363 -0.139008
 -6.40324 -0.420583 -0.659862 -0.299507 -0.495574 -0.953702 -0.121887
 -6.01195 -0.336251 -0.583408 -0.246428  -0.45502 -0.882323  -0.11216
 -5.76686 -0.285294 -0.532686 -0.213386 -0.428292 -0.835515  -0.10657
 -5.61852 -0.253296 -0.498763 -0.192149 -0.410506 -0.804718 -0.103456
 -5.53639  -0.23277 -0.476154 -0.178256 -0.398673 -0.785028 -0.101819
 -5.49917  -0.21955 -0.461368 -0.169137 -0.390901 -0.772843 -0.101149
 -5.49403  -0.21119 -0.452118 -0.163239 -0.385947 -0.765925 -0.101091
 -5.51177 -0.206177 -0.446854  -0.15958 -0.382979 -0.762745 -0.101441
 -5.54597 -0.203538 -0.444508 -0.157518 -0.381428  -0.76225 -0.102051
 -5.59213 -0.202623 -0.444325 -0.156616 -0.380896 -0.763696 -0.102831
 -5.64704 -0.202985 -0.445761 -0.156571 -0.381105  -0.76656 -0.103722
 -5.70838 -0.204309 -0.448424 -0.157168 -0.381855 -0.770463 -0.104685
 -5.77451 -0.206371 -0.452022 -0.158253 -0.383004 -0.775136 -0.105694
  -5.8442 -0.209005 -0.456343 -0.159713 -0.384448 -0.780382 -0.106734
 -5.91659 -0.212091 -0.461226 -0.161464 -0.386113 -0.786059 -0.107793
 -5.99103 -0.215539 -0.466554 -0.163444 -0.387944 -0.792064 -0.108865
 -6.06706 -0.219281 -0.472236 -0.165607   -0.3899  -0.79832 -0.109947
 -6.14431 -0.223268 -0.478206 -0.167917 -0.391952 -0.804774 -0.111036
 -6.22256 -0.227462 -0.484413 -0.170349  -0.39408 -0.811383  -0.11213
 -6.30159 -0.231833 -0.490743 -0.172883 -0.396265 -0.818121  -0.11323
 -6.38128  -0.23636 -0.497341 -0.175503 -0.398497  -0.82496 -0.114334
 -6.46153 -0.241027 -0.504082 -0.178198 -0.400769 -0.831888 -0.115442
 -6.54226 -0.245822  -0.51095 -0.180961 -0.403074 -0.838892 -0.116556
 -6.62341 -0.250735 -0.517943 -0.183784 -0.405408 -0.845963 -0.117674
 -6.70494 -0.255761 -0.525033 -0.186662 -0.407766 -0.853095 -0.118797
 -6.78681 -0.260894 -0.532223 -0.189593 -0.410147 -0.860282 -0.119925
   -6.869 -0.266131 -0.539509 -0.192573 -0.412548  -0.86752 -0.121058
 -6.95149 -0.271469 -0.546886   -0.1956 -0.414968 -0.874806 -0.122197
 -7.03427 -0.276907  -0.55435 -0.198674 -0.417407 -0.882137 -0.123341
 -7.11732 -0.282445 -0.561899 -0.201792 -0.419863 -0.889513  -0.12449
 -7.20064 -0.288081  -0.56953 -0.204955 -0.422337 -0.896929 -0.125644
  -7.2842 -0.293815 -0.577241 -0.208162 -0.424829 -0.904386 -0.126804
 -7.36802 -0.299648 -0.585031 -0.211413 -0.427338 -0.911882  -0.12797
 -7.45208 -0.305581 -0.592898 -0.214707 -0.429864 -0.919416 -0.129141
 -7.53638 -0.311613 -0.600841 -0.218045 -0.432407 -0.926987 -0.130317
 -7.62091 -0.317746 -0.608858 -0.221426 -0.434967 -0.934595 -0.131499
 -7.70567  -0.32398 -0.616948 -0.224851 -0.437545 -0.942237 -0.132686
 -7.79065 -0.330317 -0.625111  -0.22832 -0.440141 -0.949914 -0.133878
 -7.87585 -0.336757 -0.633344 -0.231833 -0.442754 -0.957624 -0.135076
 -7.96126 -0.343302 -0.641649  -0.23539 -0.445384 -0.965367 -0.136278
 -8.04688 -0.349952 -0.650022 -0.238994 -0.448032 -0.973142 -0.137487
 -8.13271 -0.356709 -0.658464  -0.24264 -0.450696 -0.980948   -0.1387
 -8.21874 -0.363574 -0.666973 -0.246332 -0.453381 -0.988785 -0.139918
 -8.30496 -0.370547  -0.67555 -0.250069  -0.45608 -0.996652 -0.141141
 -8.39138 -0.377631 -0.684191 -0.253852 -0.458802  -1.00455  -0.14237
 -8.47798 -0.384825 -0.692898 -0.257681 -0.461542  -1.01247 -0.143603
 -8.56477 -0.392132  -0.70167 -0.261557   -0.4643  -1.02042 -0.144841
 -8.65174 -0.399553 -0.710504 -0.265479 -0.467075   -1.0284 -0.146084
 -8.73888 -0.407088 -0.719402 -0.269449 -0.469869  -1.03641 -0.147332
 -8.82619 -0.414739  -0.72836 -0.273466 -0.472681  -1.04444 -0.148585
 -8.91367 -0.422507  -0.73738  -0.27753 -0.475511  -1.05249 -0.149842
  -9.0013 -0.430394  -0.74646 -0.281642 -0.478359  -1.06057 -0.151104
 -9.08909   -0.4384 -0.755599 -0.285803 -0.481226  -1.06868 -0.152371
 -9.17703 -0.446526 -0.764796 -0.290012 -0.484111   -1.0768 -0.153643
 -9.26511 -0.454774 -0.774051  -0.29427 -0.487014  -1.08495 -0.154918
 -9.35333 -0.463145 -0.783363 -0.298578 -0.489936  -1.09312 -0.156199
 -9.44169  -0.47164  -0.79273 -0.302934 -0.492875  -1.10132 -0.157483
 -9.53017 -0.480261 -0.802153 -0.307341 -0.495834  -1.10953 -0.158773
 -9.61877 -0.489008  -0.81163 -0.311798  -0.49881  -1.11776 -0.160066
 -9.70749 -0.497882 -0.821161 -0.316305 -0.501804  -1.12601 -0.161364
 -9.79632 -0.506885 -0.830745 -0.320862 -0.504817  -1.13428 -0.162666
 -9.88526 -0.516018 -0.840381 -0.325471 -0.507848  -1.14257 -0.163972
 -9.97429 -0.525282 -0.850068 -0.330131 -0.510897  -1.15088 -0.165283
 -10.0634 -0.534678 -0.859805 -0.334843 -0.513964   -1.1592 -0.166597
 -10.1526 -0.544206 -0.869592 -0.339606 -0.517049  -1.16754 -0.167916
 -10.2419  -0.55387 -0.879428 -0.344421 -0.520151  -1.17589 -0.169238
 -10.3313 -0.563668 -0.889312 -0.349288 -0.523272  -1.18426 -0.170565
 -10.4207 -0.573603 -0.899243 -0.354209  -0.52641  -1.19265 -0.171895
 -10.5102 -0.583676  -0.90922 -0.359182 -0.529566  -1.20105 -0.173229
 -10.5998 -0.593887 -0.919244 -0.364208  -0.53274  -1.20946 -0.174568
 -10.6894 -0.604238 -0.929312 -0.369287 -0.535931  -1.21788 -0.175909
 -10.7791 -0.614729 -0.939425  -0.37442 -0.539139  -1.22632 -0.177255
 -10.8688 -0.625362 -0.949581 -0.379607 -0.542365  -1.23477 -0.178604
 -10.9585 -0.636138 -0.959779 -0.384848 -0.545608  -1.24323 -0.179957
 -11.0482 -0.647058 -0.970019 -0.390145 -0.548869   -1.2517 -0.181314
  -11.138 -0.658122 -0.980301 -0.395495 -0.552146  -1.26018 -0.182674
 -11.2278 -0.669332 -0.990622 -0.400899  -0.55544  -1.26867 -0.184037
 -11.3176 -0.680688  -1.00098 -0.406359 -0.558752  -1.27717 -0.185404
 -11.4073 -0.692192  -1.01138 -0.411874 -0.562079  -1.28568 -0.186774
 -11.4971 -0.703844  -1.02182 -0.417444 -0.565424   -1.2942 -0.188148
 -11.5869 -0.715646   -1.0323  -0.42307 -0.568785  -1.30273 -0.189525
 -11.6766 -0.727598  -1.04281 -0.428752 -0.572163  -1.31126 -0.190905
 -11.7663 -0.739701  -1.05335  -0.43449 -0.575557   -1.3198 -0.192288
  -11.856 -0.751956  -1.06394 -0.440284 -0.578967  -1.32834 -0.193675
 -11.9456 -0.764364  -1.07455 -0.446134 -0.582393  -1.33689 -0.195064
 -12.0352 -0.776926   -1.0852 -0.452048 -0.585836  -1.34545 -0.196457
 -12.1248 -0.789642  -1.09588 -0.458006 -0.589294  -1.35401 -0.197852
 -12.2143 -0.802513   -1.1066 -0.464026 -0.592768  -1.36258 -0.199251
 -12.3037  -0.81554  -1.11734 -0.470103 -0.596258  -1.37114 -0.200652
  -12.393 -0.828724  -1.12811 -0.476238 -0.599763  -1.37972 -0.202056
 -12.4823 -0.842065  -1.13892 -0.482429 -0.603284  -1.38829 -0.203463
 -12.5715 -0.855564  -1.14975 -0.488679  -0.60682  -1.39687 -0.204873
 -12.6606 -0.869222  -1.16061 -0.494998 -0.610371  -1.40545 -0.206286
 -12.7495 -0.883039   -1.1715 -0.501366 -0.613937  -1.41404 -0.207701
 -12.8384 -0.897016  -1.18242 -0.507792 -0.617519  -1.42262 -0.209118
 -12.9272 -0.911154  -1.19336  -0.51428 -0.621115   -1.4312 -0.210539
 -13.0159 -0.925453  -1.20432 -0.520814 -0.624726  -1.43979 -0.211962
 -13.1044 -0.939913  -1.21531 -0.527402 -0.628351  -1.44837 -0.213387
 -13.1928 -0.954535  -1.22632 -0.534053  -0.63199  -1.45696 -0.214814
 -13.2811  -0.96932  -1.23736 -0.540764 -0.635644  -1.46554 -0.216244
 -13.3692 -0.984268  -1.24842 -0.547532 -0.639311  -1.47412 -0.217677
 -13.4572  -0.99938  -1.25949 -0.554358 -0.642993   -1.4827 -0.219111
  -13.545  -1.01466  -1.27059 -0.561241 -0.646689  -1.49128 -0.220548
 -13.6327  -1.03009  -1.28171 -0.568187 -0.650398  -1.49986 -0.221987
 -13.7202   -1.0457  -1.29285  -0.57519 -0.654121  -1.50843 -0.223428
 -13.8076  -1.06147  -1.30401 -0.582252 -0.657857    -1.517 -0.224871
 -13.8947   -1.0774  -1.31518 -0.589369 -0.661607  -1.52557 -0.226316
 -13.9817   -1.0935  -1.32637 -0.596554  -0.66537  -1.53414 -0.227763
 -14.0685  -1.10977  -1.33758 -0.603786 -0.669146  -1.54269 -0.229212
 -14.1551   -1.1262   -1.3488 -0.611085 -0.672935  -1.55125 -0.230663
 -14.2415  -1.14279  -1.36003 -0.618439 -0.676736   -1.5598 -0.232115
-14.3277 -1.15956 -1.37129 -0.62585 -0.68055 -1.56834 -0.23357
 -14.4137  -1.17649  -1.38255 -0.633324 -0.684377  -1.57688 -0.235026
 -14.4994  -1.19358  -1.39382 -0.640856 -0.688216  -1.58541 -0.236484
  -14.585  -1.21084  -1.40511 -0.648441 -0.692066  -1.59394 -0.237943
 -14.6703  -1.22827  -1.41641 -0.656083 -0.695929  -1.60246 -0.239404
 -14.7554  -1.24586  -1.42772 -0.663786 -0.699804  -1.61097 -0.240867
 -14.8403  -1.26362  -1.43904 -0.671548 -0.703691  -1.61948 -0.242331
 -14.9249  -1.28155  -1.45037 -0.679366 -0.707588  -1.62798 -0.243796
  15.0093  -1.29964   -1.4617 -0.687243 -0.711498  -1.63647 -0.245263
  15.5196  -1.32343  -1.29214 -0.685546 -0.794331    -1.693 -0.248141
  15.9127    -1.346  -1.18751 -0.686992 -0.848995  -1.74078 -0.248946
  16.2218  -1.36772   -1.1218 -0.690466 -0.884905  -1.78053 -0.248962
  16.4702   -1.3889  -1.08023 -0.695269 -0.908927  -1.81339 -0.248836
  16.6744  -1.40972  -1.05412 -0.700961  -0.92561  -1.84054 -0.248859
  16.8464  -1.43031   -1.0382 -0.707262 -0.937833   -1.8631 -0.249128
  16.9946   -1.4508  -1.02913 -0.713991 -0.947375  -1.88204 -0.249652
  17.1252  -1.47123  -1.02476 -0.721031  -0.95532  -1.89814 -0.250402
  17.2417  -1.49178  -1.02368  -0.72834 -0.962542  -1.91169 -0.251336
  17.3497  -1.51223  -1.02492 -0.735784 -0.968915  -1.92405 -0.252411
  17.4503  -1.53277   -1.0278 -0.743373 -0.975003   -1.9351 -0.253597
  17.5453   -1.5534  -1.03186 -0.751082 -0.980933  -1.94516 -0.254865
   17.636  -1.57414  -1.03679 -0.758892 -0.986776  -1.95446 -0.256192
  17.7217  -1.59483  -1.04235 -0.766707 -0.992469  -1.96278 -0.257562
  17.8069  -1.61587   -1.0484 -0.774706 -0.998271  -1.97121 -0.258963
  17.8901  -1.63703   -1.0548 -0.782773  -1.00405  -1.97928 -0.260384
  17.9714  -1.65844  -1.06147    -0.791  -1.01008  -1.98694 -0.261817
  18.0515  -1.67984  -1.06835 -0.799171  -1.01576  -1.99458  -0.26326
   18.132  -1.70146  -1.07538 -0.807507  -1.02111  -2.00189 -0.264716
  18.2066  -1.72329   -1.0825 -0.815813   -1.0266  -2.00918 -0.266184
  18.2838  -1.74535  -1.08974 -0.824174   -1.0322  -2.01631 -0.267657
  18.3618  -1.76711  -1.09706 -0.832589   -1.0379  -2.02361 -0.269131
  18.4351  -1.78908  -1.10446 -0.841059   -1.0437  -2.03037 -0.270605
  18.5116  -1.81126  -1.11193 -0.849587  -1.04956  -2.03798 -0.272078
  18.5874  -1.83365  -1.11946 -0.858173  -1.05549   -2.0451 -0.273549
  18.6608  -1.85636  -1.12703 -0.866818   -1.0614  -2.05169 -0.275018
   18.735  -1.87927  -1.13466 -0.875376  -1.06734  -2.05907 -0.276486
  18.8084  -1.90208  -1.14233 -0.884087  -1.07298  -2.06593 -0.277951
  18.8817  -1.92522  -1.15003 -0.892906  -1.07888  -2.07305 -0.279421
   18.954  -1.94829  -1.15776 -0.901712  -1.08444  -2.07983  -0.28089
   19.025  -1.97143  -1.16552 -0.910496  -1.09006  -2.08671 -0.282365
  19.0967  -1.99483   -1.1733 -0.919427  -1.09565  -2.09347 -0.283842
  19.1678  -2.01837  -1.18111 -0.928404  -1.10126  -2.10023 -0.285322
  19.2385  -2.04205  -1.18895 -0.937428  -1.10686    -2.107 -0.286802
  19.3087  -2.06586  -1.19681 -0.946499  -1.11247  -2.11376 -0.288284
  19.3784  -2.08981   -1.2047 -0.955617  -1.11806  -2.12051 -0.289765
  19.4477  -2.11388  -1.21262 -0.964782  -1.12365  -2.12725 -0.291247
  19.5197  -2.13842  -1.22056 -0.974058  -1.12901  -2.13356  -0.29273
  19.5873  -2.16267  -1.22851 -0.983297  -1.13467   -2.1404 -0.294217
  19.6547  -2.18707   -1.2365 -0.992588  -1.14028  -2.14719   -0.2957
  19.7214  -2.21165  -1.24452  -1.00185  -1.14573  -2.15388 -0.297183
  19.7882   -2.2363  -1.25256  -1.01126  -1.15133  -2.16062 -0.298666
  19.8557  -2.26123  -1.26064  -1.02079  -1.15689  -2.16772 -0.300149
  19.9238  -2.28595  -1.26873  -1.03033  -1.16251  -2.17445 -0.301629
  19.9853  -2.31082  -1.27684  -1.03987  -1.16817  -2.18066 -0.303106
  20.0474  -2.33584  -1.28502  -1.04946  -1.17385  -2.18795 -0.304581
  20.1132  -2.36119  -1.29322  -1.05906  -1.17918  -2.19438 -0.306057
  20.1783  -2.38663  -1.30142   -1.0687  -1.18455  -2.20085 -0.307537
 20.2429 -2.41217 -1.30963 -1.07838 -1.18994 -2.20733 -0.30902
  20.3094  -2.43793  -1.31785  -1.08809  -1.19492  -2.21423 -0.310506
  20.3723  -2.46363  -1.32606  -1.09786  -1.20048   -2.2206 -0.311995
  20.4348  -2.48942  -1.33431  -1.10769  -1.20597  -2.22701 -0.313479
  20.4986  -2.51541  -1.34259  -1.11757  -1.21125  -2.23408 -0.314961
  20.5615  -2.54146  -1.35087   -1.1275  -1.21659  -2.24061 -0.316444
  20.6215  -2.56746  -1.35916  -1.13749  -1.22169  -2.24662 -0.317926
   20.682  -2.59362  -1.36749  -1.14746  -1.22724  -2.25296 -0.319409
  20.7423  -2.61989  -1.37586  -1.15748  -1.23271  -2.25932 -0.320886
  20.8038  -2.64631  -1.38426  -1.16757  -1.23789   -2.2654 -0.322358
  20.8629  -2.67274  -1.39265  -1.17766  -1.24334  -2.27186 -0.323835
  20.9234  -2.69932  -1.40108  -1.18786  -1.24859  -2.27781 -0.325308
  20.9803  -2.72603  -1.40951  -1.19798  -1.25388  -2.28519 -0.326783
  21.0374  -2.75269  -1.41795  -1.20817  -1.25921  -2.29203 -0.328253
  21.0955  -2.77941  -1.42642  -1.21842  -1.26454  -2.29813 -0.329723
 21.1537 -2.80624  -1.4349 -1.22874 -1.26935 -2.30397  -0.3312
  21.2124   -2.8332   -1.4434  -1.23911  -1.27524  -2.30961 -0.332668
  21.2687  -2.86015  -1.45193  -1.24946  -1.28042  -2.31608 -0.334129
  21.3228  -2.88735  -1.46046  -1.25988  -1.28524  -2.32186 -0.335595
  21.3789  -2.91441  -1.46901  -1.27029  -1.29052  -2.32839 -0.337065
  21.4346  -2.94153  -1.47756  -1.28072  -1.29576  -2.33483 -0.338529
  21.4877  -2.96876  -1.48612  -1.29121  -1.30069  -2.34158 -0.339993
 21.5413 -2.99585 -1.49468 -1.30174 -1.30567 -2.34789 -0.34146
  21.5964  -3.02323  -1.50326   -1.3123  -1.31097  -2.35406 -0.342924
 21.6532 -3.05087 -1.51186 -1.32285 -1.31649  -2.3609 -0.34438
  21.7051  -3.07842  -1.52046  -1.33345  -1.32202   -2.3674 -0.345825
  21.7574  -3.10574  -1.52908  -1.34417  -1.32642  -2.37341 -0.347271
  21.8106  -3.13327  -1.53768  -1.35484  -1.33155  -2.37931 -0.348729
  21.8632  -3.16086  -1.54631  -1.36556  -1.33664  -2.38527 -0.350183
  21.9154  -3.18849  -1.55494  -1.37629   -1.3417  -2.39126 -0.351634
   21.967  -3.21618  -1.56359  -1.38704  -1.34673  -2.39727 -0.353083
  22.0183  -3.24389  -1.57224  -1.39784  -1.35175  -2.40329 -0.354529
  22.0691  -3.27163   -1.5809  -1.40866  -1.35674  -2.40932 -0.355974
  22.1194   -3.2994  -1.58956  -1.41951  -1.36172  -2.41535 -0.357417
  22.1694  -3.32721  -1.59823  -1.43039  -1.36667  -2.42136 -0.358858
   22.219  -3.35504   -1.6069  -1.44128  -1.37162  -2.42737 -0.360298
  22.2681   -3.3829  -1.61558   -1.4522  -1.37654  -2.43337 -0.361735
  22.3196  -3.41054  -1.62426  -1.46314  -1.38113  -2.43948 -0.363172
  22.3673   -3.4385  -1.63291  -1.47411  -1.38615  -2.44541 -0.364611
  22.4148  -3.46647  -1.64159  -1.48509   -1.3911  -2.45134 -0.366044
   22.462  -3.49443  -1.65028   -1.4961  -1.39601  -2.45727 -0.367472
   22.509  -3.52241  -1.65897  -1.50714  -1.40089  -2.46318 -0.368897
 22.5556 -3.55038 -1.66768 -1.51819 -1.40574 -2.46909 -0.37032
  22.6019  -3.57836  -1.67638  -1.52927  -1.41056  -2.47498 -0.371741
  22.6478  -3.60634  -1.68508  -1.54036  -1.41537  -2.48085 -0.373159
  22.6935  -3.63432  -1.69378  -1.55147  -1.42015  -2.48672 -0.374575
  22.7384  -3.66242  -1.70248  -1.56259  -1.42468  -2.49219 -0.375992
  22.7835  -3.69024  -1.71118  -1.57375  -1.42952  -2.49812 -0.377409
  22.8282  -3.71822  -1.71988   -1.5849  -1.43431   2.50401 -0.378819
   22.885  -3.75031  -1.79275  -1.59027  -1.40249     2.644 -0.381608
  22.9432  -3.78134  -1.84623  -1.59642  -1.38459   2.75065 -0.384748
  22.9975  -3.81176  -1.88621  -1.60344  -1.37547   2.83245 -0.387793
  23.0509  -3.84157   -1.9169  -1.61122  -1.37166   2.89546 -0.390567
  23.1055  -3.87075  -1.94121  -1.61973  -1.37107   2.94449 -0.393043
  23.1562  -3.89971    -1.961  -1.62872  -1.37243   2.98276 -0.395246
 23.2049 -3.92845 -1.97769  -1.6383 -1.37497  3.01304 -0.39722
  23.2518  -3.95692   -1.9922  -1.64815  -1.37821   3.03729 -0.399015
  23.2972  -3.98524  -2.00517  -1.65834  -1.38187   3.05697 -0.400674
  23.3413   -4.0134  -2.01706  -1.66876  -1.38578   3.07318 -0.402231
  23.3842  -4.04145  -2.02818  -1.67939  -1.38983   3.08674 -0.403714
  23.4261  -4.06943  -2.03874  -1.69019  -1.39395   3.09829 -0.405143
  23.4672   -4.0973   -2.0489   -1.7011  -1.39811    3.1083 -0.406533
  23.5075  -4.12508  -2.05878  -1.71205  -1.40229   3.11712 -0.407895
  23.5472  -4.15284  -2.06843  -1.72314  -1.40646   3.12503 -0.409236
  23.5863  -4.18048  -2.07791  -1.73432  -1.41063   3.13225 -0.410561
  23.6249  -4.20813  -2.08727  -1.74552  -1.41478   3.13892 -0.411875
  23.6631  -4.23572  -2.09654  -1.75675  -1.41893   3.14517 -0.413179
  23.7008  -4.26325  -2.10573  -1.76801  -1.42306    3.1511 -0.414476
  23.7381  -4.29072  -2.11486   -1.7793  -1.42717   3.15677 -0.415766
  23.775 -4.31814 -2.12395  -1.7906 -1.43127  3.16224 -0.41705
  23.8115   -4.3455  -2.13298  -1.80193  -1.43535   3.16755 -0.418329
  23.8477   -4.3728  -2.14199  -1.81326  -1.43941   3.17273 -0.419603
  23.8836  -4.40003  -2.15095  -1.82463  -1.44346   3.17781 -0.420873
  23.9192  -4.42721  -2.15989  -1.83598  -1.44749    3.1828 -0.422138
  23.9544  -4.45434   -2.1688  -1.84738  -1.45151   3.18772 -0.423398
  23.9893   -4.4814  -2.17768  -1.85874  -1.45551   3.19258 -0.424654
   24.024   -4.5084  -2.18653   -1.8701   -1.4595   3.19739 -0.425906
  24.0583  -4.53526  -2.19536  -1.88151  -1.46347   3.20216 -0.427153
  24.0923  -4.56214  -2.20416  -1.89287  -1.46742   3.20689 -0.428396
   24.126  -4.58888  -2.21294  -1.90428  -1.47136   3.21157 -0.429635
  24.1595  -4.61562  -2.22169  -1.91559  -1.47528   3.21623 -0.430869
  24.1927  -4.64234  -2.23042  -1.92693  -1.47919   3.22086 -0.432098
  24.2256  -4.66887  -2.23912  -1.93829  -1.48308   3.22545 -0.433323
  24.2582   -4.6953  -2.24779  -1.94966  -1.48695   3.23002 -0.434544
 24.2905 -4.72173 -2.25644 -1.96106 -1.49081  3.23456 -0.43576
  24.3226  -4.74799  -2.26507  -1.97247  -1.49466   3.23907 -0.436972
  24.3544  -4.77432  -2.27366  -1.98385  -1.49848   3.24356 -0.438179
  24.3859  -4.80056  -2.28223  -1.99523    1.5023   3.24803 -0.439382
  24.4823  -4.83005  -2.17691  -1.97502   1.71114   3.21858 -0.487589
 24.5599 -4.85847 -2.10238  -1.9625   1.8656  3.19751 0.520769
 24.6263  -4.8896  -2.0478  -1.9441  2.02231   3.1842 0.650728
 24.6829 -4.91969 -2.00936 -1.93127  2.14044  3.17535 0.748016
  24.732 -4.94886 -1.98305 -1.92312  2.22893  3.16988 0.815061
 24.7752  -4.9774 -1.96586 -1.91855  2.29502  3.16656 0.859509
 24.8146  5.00512 -1.95549 -1.91776  2.34443  3.16557 0.888769
 24.8589  5.05645 -1.95596 -1.89765  2.38357  3.17029 0.909343
 24.8973  5.10126 -1.95852  -1.8854  2.41301  3.17454 0.923139
 24.9324  5.14111 -1.96265 -1.87804  2.43527  3.17903 0.932599
 24.9655  5.17721 -1.96799 -1.87522  2.45224   3.1834 0.939223
 24.9969  5.21046 -1.97424 -1.87582  2.46529  3.18767 0.943946
 25.0271  5.24156 -1.98116 -1.87899  2.47541  3.19178 0.947366
 25.0562  5.27101 -1.98857  -1.8841  2.48335  3.19587 0.949872
 25.0846   5.2992 -1.99632 -1.89066  2.48966   3.1999 0.951727
 25.1117  5.32642 -2.00434 -1.89819  2.49475  3.20384 0.953109
 25.1394  5.35288 -2.01252 -1.90732  2.49891   3.2078 0.954144
 25.1626  5.37875 -2.02077 -1.91522  2.50239   3.2116 0.954921
 25.1899  5.40415 -2.02919 -1.92495  2.50532  3.21541 0.955506
 25.2167  5.42916 -2.03765   -1.935  2.50786  3.21913 0.955946
 25.2427  5.45386 -2.04612 -1.94523   2.5101  3.22296 0.956276
 25.2686   5.4783 -2.05461 -1.95569  2.51211  3.22664 0.956522
 25.2907  5.50251 -2.06307 -1.96568  2.51396  3.23047 0.956704
 25.3168  5.52653 -2.07157 -1.97651  2.51564  3.23405 0.956838
 25.3423  5.55036 -2.08004 -1.98737  2.51724  3.23762 0.956936
 25.3674  5.57404 -2.08849 -1.99825  2.51875  3.24116 0.957004
 25.3921  5.59756  -2.0969 -2.00914  2.52021  3.24469  0.95705
 25.4165  5.62095 -2.10529 -2.02005  2.52161   3.2482 0.957079
 25.4406   5.6442 -2.11366 -2.03097  2.52298  3.25169 0.957095
 25.4644  5.66731 -2.12199 -2.04188  2.52432  3.25516   0.9571
 25.4879   5.6903  -2.1303  -2.0528  2.52564  3.25861 0.957098
 25.5112  5.71317 -2.13857 -2.06372  2.52693  3.26204 0.957089
 25.5343   5.7359 -2.14682 -2.07463   2.5282  3.26545 0.957075
 25.5571  5.75852 -2.15503 -2.08555  2.52947  3.26884 0.957057
 25.5797  5.78101 -2.16322 -2.09645  2.53071  3.27221 0.957036
 25.6021  5.80338 -2.17137 -2.10735  2.53195  3.27551 0.957012
 25.6243  5.82563 -2.17949 -2.11824  2.53318  3.27885 0.956987
 25.6463  5.84776 -2.18757 -2.12912   2.5344  3.28217 0.956959
 25.6681  5.86976 -2.19562    -2.14  2.53561  3.28547  0.95693
 25.6897  5.89165 -2.20364 -2.15086  2.53682  3.28885   0.9569
 25.7111  5.91341 -2.21163 -2.16172  2.53801  3.29209 0.956869
 25.7323  5.93505 -2.21958 -2.17256   2.5392  3.29532 0.956837
 25.7534  5.95657 -2.22749 -2.18339  2.54038  3.29852 0.956804
 25.7742  5.97797 -2.23537 -2.19421  2.54156   3.3017 0.956771
 25.7949  5.99924 -2.24321 -2.20502  2.54273   3.3049 0.956736
 25.8153   6.0204 -2.25102 -2.21582  2.54389  3.30804 0.956701
 25.8356  6.04143 -2.25879  -2.2266  2.54505  3.31117 0.956666
 25.8558  6.06234 -2.26652 -2.23737  2.54621  3.31428 0.956629
 25.8757  6.08313 -2.27422 -2.24812  2.54735  3.31732 0.956592
 25.8955   6.1038 -2.28188 -2.25886   2.5485  3.32041 0.956555
 25.9151  6.12434  -2.2895 -2.26958  2.54963  3.32343 0.956517
 25.9345  6.14476 -2.29709 -2.28029  2.55076  3.32644 0.956479
 25.9537  6.16505 -2.30463 -2.29098  2.55189  3.32949  0.95644
 25.9728  6.18523 -2.31214 -2.30166  2.55301  3.33255   0.9564
 25.9917  6.20528 -2.31961 -2.31232  2.55413  3.33554  0.95636
 26.0105  6.22521 -2.32705 -2.32296  2.55524  3.33848  0.95632
 26.0291  6.24502 -2.33444 -2.33358  2.55634  3.34137 0.956279
 26.0475   6.2647 -2.34179 -2.34419  2.55744  3.34434 0.956237
 26.0657  6.28427 -2.34911 -2.35477  2.55854  3.34729 0.956195
 26.0838  6.30371 -2.35639 -2.36534  2.55963  3.35021 0.956152
 26.1017  6.32303 -2.36363 -2.37589  2.56071  3.35311 0.956109
 26.1195  6.34223 -2.37082 -2.38642  2.56179  3.35598 0.956065
 26.1371   6.3613 -2.37798 -2.39692  2.56287  3.35884 0.956021
 26.1546  6.38026  -2.3851 -2.40741  2.56394  3.36163 0.955976
 26.1719  6.39909 -2.39218 -2.41788    2.565  3.36446 0.955931
 26.1891   6.4178 -2.39922 -2.42832  2.56606  3.36727 0.955885
 26.2061  6.43639 -2.40621 -2.43874  2.56712  3.37004 0.955839
 26.2229  6.45485 -2.41317 -2.44915  2.56817  3.37287 0.955792
 26.2396   6.4732 -2.42009 -2.45953  2.56922  3.37566 0.955745
 26.2562  6.49145 -2.42697 -2.46988  2.57026  3.37833 0.955697
  26.275  6.50955 -2.43381 -2.47934   2.5713  3.38097 0.955648
 26.2907  6.52753 -2.44058 -2.48988  2.57233  3.38368 0.955599
 26.3064  6.54539 -2.44733  2.50033  2.57336  3.38638 0.955549
 26.3088  6.54216 -2.46052  2.54543  2.55818   3.3885 0.953521
 26.3145  6.54388 -2.47185  2.58212  2.54665  3.39065 0.951872
 26.3226  6.54934 -2.48186  2.61239  2.53802  3.39286 0.950538
 26.3325  6.55763 -2.49089   2.6378  2.53164  3.39528 0.949462
 26.3436  6.56803 -2.49923  2.65951  2.52701  3.39773 0.948595
 26.3557  6.58001  2.50706   2.6784  2.52373  3.40033 0.947896
26.2703  6.5987 2.72333 2.70182 2.46172 3.46786  0.9472
  26.205  6.61699  2.89308  2.72237  2.40865  3.52119 0.946614
 26.1561  6.63491  3.02584   2.7407  2.36413  3.56352 0.946106
26.1196 6.65249 3.12971 2.75771 2.32737  3.5976 0.94566
 26.0947  6.66977  3.21126  2.77289   2.2974  3.62459 0.945265
 26.0781  6.68679  3.27557  2.78703  2.27327  3.64634 0.944915
 26.0682  6.70357  3.32658  2.80034  2.25405  3.66398 0.944605
 26.0636  6.72014  3.36731  2.81297  2.23892  3.67838 0.944332
 26.0631  6.73651  3.40007  2.82507  2.22716  3.69022 0.944092
  26.066   6.7527  3.42664  2.83674  2.21815  3.70005 0.943882
 26.0714  6.76873  3.44839  2.84804  2.21139  3.70829 0.943699
26.0788  6.7846 3.46637 2.85905 2.20646 3.71526 0.94354
 26.0877  6.80033  3.48141  2.86982  2.20299  3.72123 0.943402
 26.0978  6.81592  3.49414  2.88039   2.2007  3.72641 0.943283
 26.1088  6.83138  3.50505  2.89079  2.19936  3.73095 0.943179
 26.1205  6.84672  3.51454  2.90104  2.19878    3.735 0.943089
 26.1327  6.86193  3.52289  2.91118  2.19881  3.73864 0.943011
 26.1453  6.87702  3.53036  2.92121  2.19933  3.74197 0.942943
 26.1582  6.89199  3.53711  2.93115  2.20023  3.74504 0.942883
26.1712 6.90684  3.5433 2.94101 2.20143  3.7479 0.94283
 26.1844  6.92159  3.54905  2.95079  2.20288   3.7506 0.942783
 26.1976  6.93621  3.55443  2.96052  2.20451  3.75317 0.942741
 26.2109  6.95073  3.55953  2.97018   2.2063  3.75562 0.942702
 26.2241  6.96514  3.56439  2.97979   2.2082  3.75799 0.942667
 26.2373  6.97944  3.56906  2.98935  2.21019  3.76029 0.942634
 26.2505  6.99363  3.57358  2.99886  2.21226  3.76252 0.942603
 26.2636  7.00771  3.57796  3.00832  2.21437   3.7647 0.942574
 26.2766  7.02168  3.58224  3.01774  2.21653  3.76684 0.942546
 26.2896  7.03555  3.58643  3.02711  2.21872  3.76895 0.942519
 26.3025  7.04931  3.59053  3.03645  2.22092  3.77102 0.942493
 26.3155  7.06296  3.59458  3.04569  2.22291  3.77374 0.942468
 26.3287  7.07652   3.5985  3.05469  2.22508  3.77657 0.942443
 26.3411  7.08996  3.60229  3.06382  2.22743  3.77951 0.942417
 26.3534  7.10331  3.60623  3.07309  2.22971  3.78091 0.942391
 26.3656  7.11655  3.61011  3.08229  2.23197  3.78242 0.942366
26.3778 7.12968 3.61393 3.09144 2.23423 3.78402 0.94234
 26.3898  7.14272  3.61771  3.10054  2.23648  3.78568 0.942314
 26.4018  7.15565  3.62145  3.10959  2.23871  3.78739 0.942288
 26.4137  7.16848  3.62515  3.11859  2.24094  3.78914 0.942262
 26.4255  7.18121  3.62881  3.12755  2.24315   3.7909 0.942235
