dataCg
  10.4795    14.844  -2.44261   2.53066 0.0411705  -4.45375         0
     9.7846     13.9458    -2.13456     2.52625   0.0506866    -4.04477 -0.00353933
    8.0398    12.0055   -1.44586    2.49343  0.0687043   -3.03682 -0.0116312
   6.09137    9.99272  -0.718154    2.47721  0.0898847   -1.95967 -0.0204426
   4.28341    8.29297 -0.0886278    2.48506   0.110875   -1.01795 -0.0284274
  2.73578   7.01484  0.403405   2.51305  0.129916 -0.269515 -0.035087
    1.4703    6.14525   0.761594    2.55545    0.14635   0.289315 -0.0403833
  0.467884    5.62508    1.00571    2.60736   0.160139   0.684708 -0.0444621
 -0.305304    5.38409    1.15914    2.66486    0.17151   0.947969 -0.0475292
 -0.884819    5.35862    1.24349    2.72611   0.180882    1.10786 -0.0497742
   -1.3063    5.49291    1.27734    2.78923   0.188614    1.19008 -0.0513794
  -1.59826    5.74328     1.2749    2.85311    0.19504    1.21385 -0.0524896
  -1.78534    6.07581    1.24725    2.91711   0.200453    1.19457 -0.0532208
  -1.88762    6.46493    1.20268    2.98084   0.205095    1.14396 -0.0536638
  -1.92123    6.89155    1.14729    3.04408   0.209157     1.0708 -0.0538885
  -1.89901    7.34167    1.08554     3.1067   0.212792    0.98164 -0.0539481
 -1.83106   7.80506   1.02062   3.16865  0.216117  0.881313 -0.053883
  -1.72535    8.27433   0.954803    3.22988   0.219221   0.773369 -0.0537235
  -1.58812     8.7442   0.889696    3.29039   0.222172   0.660406 -0.0534927
  -1.42424    9.21088   0.826418    3.35017   0.225024   0.544321 -0.0532076
 -1.23756   9.67173  0.765739   3.40923  0.227815  0.426494 -0.052881
  -1.03111    10.1249   0.708175    3.46757   0.230574   0.307923 -0.0525227
 -0.807263    10.5691   0.654063    3.52521   0.233324   0.189335 -0.0521398
 -0.567939    11.0035   0.603612    3.58215    0.23608  0.0712516 -0.0517378
 -0.315167    11.4271   0.556961    3.63824   0.238842 -0.0456871  -0.051321
-0.0490579    11.8406   0.514118    3.69384   0.241649  -0.161817  -0.050892
  0.228698    12.2431   0.475124    3.74873    0.24449  -0.276587 -0.0504533
  0.517255    12.6346   0.439955    3.80294   0.247371  -0.389868 -0.0500068
  0.815955    13.0153   0.408568    3.85647   0.250295    -0.5016 -0.0495538
   1.12404     13.385   0.380905    3.90931   0.253262  -0.611659 -0.0490955
   1.44106    13.7439   0.356897    3.96148   0.256276  -0.720043 -0.0486326
   1.76652    14.0921   0.336468    4.01298   0.259338  -0.826729 -0.0481659
   2.09998    14.4298   0.319539    4.06381   0.262449  -0.931703 -0.0476959
   2.44105    14.7572   0.306027    4.11397   0.265609   -1.03496 -0.0472229
   2.78935    15.0744    0.29585    4.16348   0.268818    -1.1365 -0.0467474
   3.14451    15.3816   0.288922    4.21234   0.272077   -1.23633 -0.0462696
 3.50622   15.679 0.285161  4.26054 0.275384 -1.33445 -0.04579
   3.87417    15.9667   0.284482     4.3081    0.27874   -1.43088 -0.0453086
   4.24803     16.245   0.286802    4.35501   0.282144   -1.52563 -0.0448257
   4.62754    16.5139   0.292039    4.40128   0.285595   -1.61871 -0.0443415
   5.01239    16.7738   0.300111    4.44693   0.289094   -1.71014 -0.0438561
   5.40231    17.0247    0.31094    4.49194   0.292639   -1.79993 -0.0433698
   5.79705    17.2669   0.324445    4.53633    0.29623   -1.88809 -0.0428827
  6.19633   17.5004  0.340549    4.5801  0.299865  -1.97465 -0.042395
    6.5999    17.7256   0.359176    4.62326   0.303545   -2.05962 -0.0419068
   7.00754    17.9425    0.38025    4.66581   0.307268   -2.14302 -0.0414181
   7.41895    18.1514   0.403695    4.70775   0.311034   -2.22485 -0.0409293
   7.83392    18.3524   0.429442    4.74911   0.314842   -2.30515 -0.0404404
   8.25223    18.5456   0.457415    4.78987   0.318691   -2.38392 -0.0399516
   8.67364    18.7313   0.487548    4.83005    0.32258   -2.46119 -0.0394628
   9.09794    18.9096   0.519769    4.86965   0.326509   -2.53696 -0.0389743
   9.52491    19.0806    0.55401    4.90868   0.330477   -2.61127 -0.0384862
   9.95434    19.2446   0.590205    4.94715   0.334482   -2.68411 -0.0379987
    10.386    19.4016   0.628287    4.98505   0.338524   -2.75552 -0.0375117
   10.8197    19.5518   0.668193     5.0224   0.342602    -2.8255 -0.0370254
 11.2553  19.6954  0.70986  5.05921 0.346714 -2.89408 -0.03654
   11.6925    19.8326   0.753224    5.09547   0.350861   -2.96127 -0.0360554
   12.1312    19.9634   0.798225    5.13119   0.355041   -3.02709 -0.0355719
   12.5712     20.088   0.844803    5.16639   0.359252   -3.09155 -0.0350895
   13.0123    20.2066   0.892899    5.20107   0.363495   -3.15467 -0.0346084
   13.4543    20.3193   0.942457    5.23523   0.367769   -3.21647 -0.0341285
  13.897  20.4262 0.993418  5.26888 0.372071 -3.27697 -0.03365
  14.3404   20.5275   1.04573   5.30202  0.376402  -3.33618 -0.033173
   14.7842    20.6233    1.09933    5.33467    0.38076   -3.39412 -0.0326976
   15.2282    20.7138    1.15418    5.36682   0.385144    -3.4508 -0.0322238
   15.6724     20.799    1.21021    5.39849   0.389554   -3.50624 -0.0317518
   16.1165    20.8791    1.26738    5.42968   0.393988   -3.56046 -0.0312816
   16.5604    20.9543    1.32564     5.4604   0.398445   -3.61348 -0.0308132
   17.0041    21.0246    1.38494    5.49064   0.402925    -3.6653 -0.0303468
   17.4472    21.0902    1.44523    5.52043   0.407426   -3.71595 -0.0298825
   17.8898    21.1511    1.50647    5.54975   0.411948   -3.76545 -0.0294202
   18.3316    21.2076     1.5686    5.57863   0.416488    -3.8138 -0.0289602
   18.7726    21.2597    1.63158    5.60706   0.421047   -3.86102 -0.0285023
   19.2126    21.3076    1.69537    5.63505   0.425623   -3.90714 -0.0280468
   19.6516    21.3513    1.75992    5.66261   0.430216   -3.95216 -0.0275937
  20.0893    21.391    1.8252   5.68974  0.434824   -3.9961 -0.027143
   20.5257    21.4267    1.89116    5.71644   0.439446   -4.03898 -0.0266947
  20.9606   21.4587   1.95776   5.74272  0.444081  -4.08081 -0.026249
   21.394   21.4869   2.02496   5.76859  0.448729  -4.12161 -0.025806
   21.8258    21.5115    2.09273    5.79406   0.453388   -4.16139 -0.0253655
   22.2559    21.5326    2.16102    5.81912   0.458057   -4.20017 -0.0249278
   22.6841    21.5502     2.2298    5.84378   0.462736   -4.23797 -0.0244929
   23.1104    21.5646    2.29903    5.86804   0.467423   -4.27479 -0.0240608
   23.5346    21.5757    2.36868    5.89192   0.472117   -4.31065 -0.0236315
   23.9568    21.5837    2.43872    5.91541   0.476817   -4.34557 -0.0232051
   24.3768    21.5886     2.5091    5.93853   0.481523   -4.37957 -0.0227817
   24.7946    21.5907     2.5798    5.96126   0.486234   -4.41264 -0.0223613
     25.21    21.5898    2.65078    5.98363   0.490947   -4.44483 -0.0219439
    25.623    21.5862    2.72202    6.00563   0.495663   -4.47612 -0.0215295
   26.0335    21.5799    2.79349    6.02727   0.500381   -4.50655 -0.0211183
   26.4415    21.5709    2.86515    6.04855   0.505099   -4.53611 -0.0207102
   26.8468    21.5595    2.93697    6.06948   0.509818   -4.56484 -0.0203054
   27.2495    21.5456    3.00894    6.09006   0.514535   -4.59274 -0.0199037
   27.6494    21.5293    3.08101    6.11029   0.519249   -4.61982 -0.0195053
   28.0466    21.5108    3.15317    6.13018   0.523961    -4.6461 -0.0191102
   28.4409      21.49    3.22539    6.14973   0.528668   -4.67159 -0.0187184
   28.8323    21.4671    3.29764    6.16895   0.533371   -4.69631 -0.0183299
   29.2208     21.442     3.3699    6.18784   0.538068   -4.72026 -0.0179447
  29.6063    21.415   3.44215    6.2064  0.542758  -4.74346 -0.017563
   29.9887    21.3861    3.51436    6.22463   0.547441   -4.76593 -0.0171847
    30.368    21.3553    3.58651    6.24255   0.552115   -4.78767 -0.0168098
   30.7442    21.3227    3.65857    6.26015   0.556781   -4.80871 -0.0164385
   31.1172    21.2885    3.73053    6.27745   0.561437   -4.82906 -0.0160707
    31.487    21.2525    3.80236    6.29443   0.566082   -4.84871 -0.0157063
   31.8536    21.2149    3.87405     6.3111   0.570715    -4.8677 -0.0153455
   32.2169    21.1758    3.94558    6.32747   0.575336   -4.88602 -0.0149882
   32.5769    21.1352    4.01693    6.34354   0.579943   -4.90369 -0.0146345
   32.9336    21.0931    4.08807    6.35931   0.584537   -4.92073 -0.0142844
   33.2869    21.0497    4.15901    6.37479   0.589116   -4.93714 -0.0139378
   33.6369    21.0049     4.2297    6.38998   0.593679   -4.95293 -0.0135949
   33.9834    20.9589    4.30014    6.40488   0.598227   -4.96813 -0.0132556
   34.3265    20.9117    4.37032    6.41949   0.602757   -4.98274 -0.0129199
   34.6662    20.8633    4.44022    6.43382   0.607269   -4.99676 -0.0125878
   35.0025    20.8138    4.50981    6.44788   0.611764   -5.01022 -0.0122594
   35.3352    20.7632     4.5791    6.46165   0.616239   -5.02312 -0.0119347
   35.6645    20.7117    4.64806    6.47515   0.620694   -5.03547 -0.0116136
   35.9902    20.6591    4.71668    6.48838    0.62513   -5.04729 -0.0112962
   36.3124    20.6057    4.78494    6.50134   0.629543   -5.05859 -0.0109825
   36.6311    20.5513    4.85284    6.51403   0.633936   -5.06936 -0.0106725
   36.9463    20.4962    4.92037    6.52645   0.638306   -5.07964 -0.0103662
   37.2579    20.4402     4.9875    6.53862   0.642653   -5.08943 -0.0100636
     37.566     20.3835     5.05424     6.55052    0.646977    -5.09873 -0.00976463
    37.8705     20.3261     5.12056     6.56217    0.651276    -5.10755 -0.00946941
    38.1714      20.268     5.18646     6.57356    0.655551    -5.11591 -0.00917789
    38.4688     20.2093     5.25193      6.5847      0.6598    -5.12382 -0.00889008
    38.6738     20.3366     5.28313     6.67911    0.667057    -5.08448 -0.00775299
      38.92     20.4138     5.32705     6.75542    0.673574    -5.06202 -0.00682746
    39.1873     20.4522     5.37848     6.81716    0.679446    -5.04994 -0.00606896
   39.4635    20.4619    5.43419    6.86784   0.684813   -5.04409 -0.0054404
    39.7418     20.4508     5.49219      6.9103    0.689797     -5.0419 -0.00491214
    40.0183     20.4244     5.55128     6.94669    0.694492     -5.0418 -0.00446091
     40.291      20.387     5.61076     6.97859    0.698966    -5.04282 -0.00406879
    40.5592     20.3414     5.67021     7.00717    0.703271    -5.04439 -0.00372207
   40.8212    20.2896    5.72918    7.03321   0.707442   -5.04587 -0.0034143
    41.0801     20.2336     5.78802     7.05741    0.711505    -5.04771 -0.00312854
    41.3341     20.1742     5.84637     7.08017    0.715481    -5.04941 -0.00286422
    41.5836     20.1122     5.90419     7.10182    0.719382    -5.05089 -0.00261679
    41.8288     20.0482     5.96148     7.12258    0.723218    -5.05214 -0.00238284
    42.0677     19.9828     6.01785     7.14235    0.726969    -5.05298 -0.00216538
   42.3055    19.9159    6.07416    7.16189   0.730704   -5.05378 -0.0019499
    42.5393      19.848      6.1299     7.18091    0.734388    -5.05431 -0.00174244
    42.7694      19.779      6.1851     7.19956    0.738036    -5.05446 -0.00154255
   42.9959    19.7097    6.23974    7.21775   0.741625   -5.05453 -0.0013477
    43.2208     19.6396     6.29416     7.23572     0.74518    -5.05455 -0.00115755
     43.4358      19.5689      6.34691      7.25291      0.74864     -5.05344 -0.000977728
     43.6517      19.4981      6.39986      7.27023     0.752108     -5.05267 -0.000798559
   43.8667    19.4272    6.45273    7.28734   0.755551   -5.05223 -0.0006197
     44.0736      19.3557      6.50421      7.30374     0.758907     -5.05087 -0.000453061
     44.2819      19.2842      6.55597      7.32042     0.762275     -5.04991 -0.000279408
     44.4867      19.2124      6.60716      7.33684     0.765605     -5.04869 -0.000112763
    44.6859     19.1401     6.65736     7.35282    0.768874    -5.04687 4.45514e-05
    44.8832     19.0681     6.70725     7.36879    0.772119    -5.04509 0.000204948
    45.0775     18.9958     6.75662     7.38435    0.775309    -5.04321 0.000358543
    45.2689     18.9233     6.80552     7.39981    0.778474    -5.04108 0.000510871
    45.4569     18.8508     6.85378     7.41489    0.781579    -5.03886 0.000657146
    45.6409     18.7784     6.90134     7.42963    0.784634    -5.03642 0.000799844
    45.8229     18.7058     6.94856     7.44431    0.787666    -5.03388 0.000939859
    46.002    18.6331    6.99523    7.45876   0.790658   -5.03117 0.00107667
   46.1779    18.5605    7.04136      7.473    0.79361   -5.02832 0.00121028
   46.3509    18.4879    7.08693    7.48701   0.796522   -5.02532 0.00134069
   46.5209    18.4153    7.13196     7.5008   0.799393   -5.02219 0.00146792
    46.688    18.3428    7.17645    7.51438   0.802225   -5.01892 0.00159197
    46.855    18.2707    7.22092    7.52824   0.805067   -5.01579 0.00171379
   47.0154    18.1983    7.26418    7.54126   0.807807    -5.0122 0.00183143
   47.1733    18.1259    7.30693    7.55408   0.810507   -5.00851 0.00194594
   47.3278    18.0538    7.34906    7.56665   0.813161   -5.00467 0.00205651
   47.4803    17.9816     7.3908    7.57909   0.815786   -5.00079 0.00216507
   47.6311    17.9097    7.43219     7.5915   0.818385   -4.99687 0.00227371
   47.7805    17.8383    7.47333    7.60382   0.820963   -4.99316 0.00237885
   47.9209    17.7658    7.51271    7.61496   0.823403    -4.9885 0.00247142
   48.0597    17.6935    7.55179    7.62604   0.825808   -4.98389 0.00256782
   48.1993    17.6225      7.591    7.63757   0.828245   -4.97965 0.00266118
    48.336    17.5517    7.62964    7.64887   0.830638   -4.97529 0.00275161
   48.4698     17.481     7.6677    7.65993   0.832987   -4.97082 0.00283911
   48.6029    17.4112    7.70559    7.67116   0.835326   -4.96652 0.00292826
   48.7306    17.3408    7.74242    7.68168   0.837584   -4.96177 0.00300871
   48.8557    17.2706    7.77874    7.69198   0.839801   -4.95696 0.00308662
   48.9798     17.201    7.81481    7.70235   0.841996   -4.95227 0.00316658
  49.1007   17.1317   7.85025   7.71244  0.844149  -4.94744 0.0032407
    49.217    17.0619    7.88475    7.72187    0.84622    -4.9423 0.00330748
   49.3317    16.9928    7.91891     7.7313   0.848271   -4.93721 0.00337389
  49.4439   16.9239   7.95255   7.74053  0.850282  -4.93206 0.0034378
   49.5549    16.8558    7.98594    7.74986   0.852285   -4.92703 0.00349958
   49.6619    16.7874    8.01848    7.75862   0.854207   -4.92174 0.00355834
  49.7678   16.7198   8.05078   7.76751  0.856128  -4.91657 0.0036141
   49.8685    16.6514    8.08199    7.77555   0.857926   -4.91097 0.00366997
   49.9675    16.5836    8.11282     7.7835   0.859701   -4.90545 0.00372168
  50.0652   16.5167   8.14339   7.79155  0.861475  -4.90004 0.0037692
   50.1608    16.4504    8.17348    7.79949   0.863218   -4.89463 0.00381395
   50.2549    16.3847    8.20325    7.80749   0.864957   -4.88924 0.00385574
   50.3451    16.3185    8.23216     7.8148   0.866591   -4.88364 0.00389669
   50.4311    16.2521    8.26021     7.8216    0.86816   -4.87774 0.00393099
   50.5172    16.1868    8.28821    7.82863   0.869728   -4.87214 0.00396781
   50.6008     16.122    8.31568    7.83545   0.871255    -4.8665 0.00400184
   50.6804    16.0565    8.34227     7.8416   0.872688   -4.86057 0.00403261
  50.7588   15.9919   8.36857   7.84776  0.874109  -4.85478 0.0040605
    50.836    15.9284     8.3946    7.85415   0.875536   -4.84907 0.00408678
   50.9123    15.8661    8.42039    7.86075   0.876953   -4.84346 0.00411428
   50.9831    15.8021      8.445    7.86619   0.878238    -4.8374 0.00413431
   51.0528    15.7391    8.46934    7.87164   0.879506   -4.83154 0.00415246
   51.1208    15.6771     8.4933    7.87718   0.880767   -4.82569 0.00416825
   51.1867    15.6154    8.51674    7.88249   0.881985    -4.8198 0.00418186
   51.2503     15.554    8.53967    7.88759   0.883161   -4.81387 0.00419325
   51.3116    15.4929    8.56209    7.89247   0.884295   -4.80792 0.00420243
   51.3709    15.4322    8.58402    7.89714   0.885389   -4.80194 0.00420938
    51.428    15.3719    8.60545    7.90161   0.886442   -4.79593 0.00421409
    51.483    15.3119    8.62639    7.90588   0.887455    -4.7899 0.00421661
   51.5359    15.2523    8.64683    7.90995   0.888429   -4.78385 0.00421693
   51.5867    15.1931    8.66679    7.91383   0.889364   -4.77778 0.00421507
   51.6355    15.1343    8.68626    7.91751   0.890259   -4.77169 0.00421106
  51.6845   15.0775   8.70572   7.92164  0.891178  -4.76594 0.0042081
   51.7287    15.0191     8.7241    7.92479   0.891982   -4.75972 0.00419898
    51.771    14.9612    8.74204    7.92777    0.89275   -4.75351 0.00418799
   51.8114    14.9037    8.75953     7.9306   0.893483   -4.74731 0.00417509
     51.85    14.8466    8.77656    7.93326    0.89418   -4.74112 0.00416024
   51.8867      14.79    8.79314    7.93574   0.894841   -4.73492 0.00414345
   51.9215    14.7338    8.80926    7.93806   0.895465   -4.72872 0.00412472
   51.9544    14.6781    8.82492    7.94019   0.896052   -4.72251 0.00410403
   51.9855    14.6227    8.84012    7.94215   0.896602   -4.71629 0.00408141
   52.0142    14.5677    8.85479     7.9439   0.897117   -4.71002 0.00405604
   52.0419    14.5132    8.86915    7.94554   0.897598   -4.70384 0.00403002
   52.0674    14.4591    8.88298    7.94696   0.898038   -4.69761 0.00400178
   52.1931    14.3615    8.92067    7.93368   0.896047   -4.71025 0.00425387
   52.2865    14.2819    8.95058    7.92434   0.894448   -4.71728 0.00442352
   52.3543    14.2103    8.97442    7.91605   0.892967   -4.72002 0.00452827
   52.4056    14.1459    8.99433    7.90906    0.89164   -4.72006 0.00458667
   52.4464     14.088    9.01173    7.90358   0.890491   -4.71844 0.00461212
   52.4765    14.0319    9.02667    7.89806   0.889375   -4.71525 0.00460991
   52.4993    13.9777    9.03989    7.89281    0.88832   -4.71103 0.00458744
   52.5166    13.9251    9.05184    7.88771   0.887305   -4.70613 0.00455034
   52.5292    13.8736    9.06272    7.88271    0.88632    -4.7007 0.00450163
   52.5382     13.823    9.07274    7.87773   0.885351   -4.69491 0.00444408
   52.5441    13.7731    9.08201    7.87275   0.884391   -4.68885 0.00437955
  52.5471   13.7238   9.09061   7.86771  0.883429  -4.68258 0.0043094
   52.5477    13.6751    9.09863    7.86261   0.882459   -4.67617 0.00423485
   52.5462    13.6268    9.10612     7.8574   0.881475   -4.66968 0.00415684
   52.5425    13.5789    9.11307    7.85208   0.880476   -4.66308 0.00407547
   52.5369    13.5315    9.11955    7.84665   0.879457   -4.65643 0.00399146
   52.5294    13.4844    9.12555    7.84108   0.878413   -4.64973 0.00390516
   52.5201    13.4378    9.13109    7.83536   0.877345   -4.64299 0.00381681
  52.5091   13.3914   9.13619   7.82951   0.87625  -4.63623 0.0037266
  52.4964   13.3455   9.14086    7.8235  0.875128  -4.62945 0.0036347
  52.4821   13.2998   9.14509   7.81734  0.873977  -4.62265 0.0035412
  52.4662   13.2545   9.14891   7.81102  0.872798  -4.61583 0.0034462
   52.4486    13.2096     9.1523    7.80455    0.87159   -4.60901 0.00334977
   52.4296    13.1649    9.15529    7.79792   0.870353   -4.60217 0.00325194
   52.4089    13.1206    9.15786    7.79114   0.869085   -4.59533 0.00315282
   52.3867    13.0766    9.16001    7.78419   0.867789   -4.58846 0.00305228
    52.363    13.0328    9.16177    7.77708   0.866461    -4.5816 0.00295064
   52.3378    12.9894    9.16312    7.76982   0.865104   -4.57472 0.00284776
   52.3112    12.9463    9.16409    7.76239   0.863719   -4.56785 0.00274371
   52.2829    12.9035    9.16463     7.7548   0.862303   -4.56095 0.00263845
   52.2534    12.8609     9.1648    7.74707   0.860859   -4.55405 0.00253206
   52.2223    12.8186    9.16457    7.73915   0.859382   -4.54714 0.00242474
   52.1896    12.7766    9.16391    7.73106   0.857876    -4.5402 0.00231611
   52.1556    12.7349    9.16291    7.72283   0.856344   -4.53328 0.00220658
   52.1203    12.6934    9.16152    7.71444   0.854783   -4.52634 0.00209594
   52.0834    12.6522    9.15971    7.70589   0.853192   -4.51936 0.00198402
  52.0452   12.6113   9.15755   7.69719  0.851575  -4.51239 0.0018712
   52.0053    12.5705    9.15493    7.68829   0.849926   -4.50537 0.00175714
   51.9641      12.53    9.15195    7.67924    0.84825   -4.49834 0.00164211
  51.8163   12.4551   9.11687   7.62721  0.838213  -4.47203 0.0011943
    51.6855      12.398     9.08727     7.59172    0.830411    -4.44832 0.000834295
    51.5492     12.3304     9.05608     7.55182    0.821538    -4.42306 0.000439833
    51.4241       12.27     9.02848     7.51997    0.813719    -4.39985 9.81146e-05
     51.3106      12.2134      9.00445      7.49378     0.806677     -4.37912 -0.000201027
     51.2081      12.1589      8.98378      7.47177     0.800249     -4.36097 -0.000463698
     51.1154      12.1057      8.96606       7.4528     0.794277     -4.34526 -0.000699863
     50.9895      12.0518      8.94329      7.42839     0.787275     -4.32833 -0.000908268
    50.8794     11.9969     8.92457     7.40687    0.780846    -4.31393 -0.00110001
  50.7824   11.9419   8.90921   7.38762  0.774822   -4.3018 -0.001275
    50.6949     11.8879     8.89632     7.37049    0.769178    -4.29138 -0.00143986
    50.6144     11.8347     8.88526       7.355    0.763829    -4.28231 -0.00159679
    50.5391     11.7824     8.87555     7.34079    0.758713    -4.27428 -0.00174749
    50.4674     11.7306     8.86677     7.32745    0.753763    -4.26705 -0.00189364
    50.3982     11.6794     8.85862     7.31477    0.748943    -4.26041 -0.00203631
    50.3306     11.6278      8.8509     7.30233      0.7442    -4.25423 -0.00217564
    50.2632     11.5783     8.84323     7.29065     0.73958     -4.2483 -0.00231666
     50.198     11.5231     8.83605     7.27753    0.734843    -4.24275 -0.00244727
    50.1313     11.4749     8.82857     7.26638    0.730328     -4.2373 -0.00258409
    50.0644     11.4267     8.82099     7.25522    0.725841    -4.23197 -0.00271996
     49.997     11.3779     8.81325     7.24375    0.721338     -4.2267 -0.00285533
   49.9288    11.3298     8.8053    7.23241   0.716871   -4.22147 -0.0029905
    49.8606     11.2762      8.7973     7.21937    0.712251    -4.21628 -0.00312211
    49.7906     11.2295     8.78883     7.20815     0.70783    -4.21107 -0.00325791
    49.7195     11.1826     8.78008     7.19669      0.7034    -4.20584 -0.00339358
    49.6474     11.1354     8.77105     7.18498    0.698961    -4.20058 -0.00352925
  49.5743   11.0881   8.76171   7.17305  0.694514  -4.19528 -0.003665
    49.5001     11.0407     8.75207      7.1609     0.69006    -4.18994 -0.00380089
    49.4248     10.9933     8.74212     7.14854      0.6856    -4.18455 -0.00393695
    49.3484     10.9458     8.73185     7.13598    0.681133    -4.17911 -0.00407323
    49.2708     10.8982     8.72126      7.1232    0.676659    -4.17362 -0.00420975
    49.1921     10.8507     8.71036     7.11023    0.672181    -4.16807 -0.00434649
    49.1123     10.8031     8.69914     7.09706    0.667698    -4.16246 -0.00448347
    49.0313     10.7556      8.6876     7.08369     0.66321    -4.15679 -0.00462069
    48.9492      10.708     8.67574     7.07013    0.658718    -4.15105 -0.00475815
     48.866     10.6605     8.66356      7.0564    0.654228    -4.14525 -0.00489571
    48.7817     10.6129     8.65107     7.04242    0.649726    -4.13938 -0.00503365
   48.6962    10.5653    8.63825    7.02824   0.645221   -4.13345 -0.0051718
    48.6096     10.5177     8.62512     7.01387    0.640712    -4.12745 -0.00531015
    48.5218     10.4699     8.61167     6.99922    0.636188    -4.12137 -0.00544897
    48.433    10.4222    8.59791    6.98447   0.631677   -4.11523 -0.0055876
     48.343     10.3745     8.58384      6.9695     0.62716    -4.10901 -0.00572645
    48.252    10.3267    8.56946    6.95435   0.622644   -4.10272 -0.0058654
    48.1598     10.2789     8.55478     6.93899    0.618125    -4.09636 -0.00600448
    48.0666      10.231     8.53978     6.92341      0.6136    -4.08993 -0.00614378
    47.9723     10.1831     8.52449     6.90764    0.609078    -4.08342 -0.00628308
    47.8769     10.1351     8.50888     6.89167    0.604553    -4.07683 -0.00642248
    47.7804      10.087     8.49298      6.8755    0.600028    -4.07016 -0.00656196
    47.6829     10.0389     8.47678     6.85916    0.595508    -4.06342 -0.00670133
    47.5842     9.99054     8.46027     6.84256    0.590979     -4.0566 -0.00684096
    47.4846     9.94221     8.44347      6.8258    0.586457     -4.0497 -0.00698044
    47.3839     9.89374     8.42638     6.80883    0.581933    -4.04272 -0.00711997
    47.2821     9.84505     8.40899     6.79159    0.577401    -4.03567 -0.00725971
    47.1793     9.79623      8.3913     6.77413    0.572867    -4.02853 -0.00739952
   47.0754    9.74732    8.37333    6.75651   0.568339    -4.0213 -0.0075391
    46.9706     9.69833     8.35508     6.73869    0.563816      -4.014 -0.00767857
    46.8647     9.64921     8.33653     6.72069    0.559299    -4.00661 -0.00781786
   46.7578    9.59979     8.3177     6.7024   0.554769   -3.99914 -0.0079574
    46.6499      9.5502     8.29859     6.68389    0.550243    -3.99158 -0.00809683
     46.541     9.50046     8.27919     6.66518    0.545718    -3.98394 -0.00823616
     46.431     9.45053     8.25951     6.64626    0.541196    -3.97621 -0.00837536
    46.3201     9.40042     8.23956     6.62713    0.536676     -3.9684 -0.00851442
    46.2082     9.35011     8.21933     6.60778    0.532159     -3.9605 -0.00865333
    46.0953     9.29964     8.19883     6.58825     0.52765    -3.95251 -0.00879187
   45.9815     9.2489    8.17806    6.56845   0.523137   -3.94443 -0.0089305
    45.8667     9.19794     8.15701     6.54845    0.518628    -3.93626 -0.00906894
    45.7509     9.14678      8.1357     6.52824    0.514124    -3.92801 -0.00920706
    45.6341     9.09527     8.11411     6.50774    0.509614    -3.91966 -0.00934531
    45.5164     9.04353     8.09226     6.48704     0.50511    -3.91122 -0.00948325
    45.3977     8.99172     8.07015      6.4662    0.500623    -3.90269 -0.00962061
    45.2778      8.9439     8.04776      6.4464    0.496228     -3.8941 -0.00975616
    45.1574     8.89033     8.02515     6.42473    0.491719    -3.88538 -0.00989359
    45.036    8.83674    8.00228    6.40291   0.487217   -3.87657 -0.0100307
   44.9607    8.81281    7.98817    6.40309   0.485893   -3.87446 -0.0101595
   44.8724    8.78294    7.97091     6.3981   0.483902   -3.87043 -0.0102899
   44.7743    8.74825    7.95128     6.3891   0.481402   -3.86496 -0.0104214
   44.6688    8.70941    7.92985    6.37686   0.478495   -3.85843 -0.0105542
   44.5574    8.66748    7.90701    6.36219   0.475294   -3.85107 -0.0106876
   44.4415    8.62287    7.88307    6.34551   0.471857   -3.84307 -0.0108217
  44.3537   8.53612   7.86008   6.31949  0.464638  -3.83775 -0.011108
   44.2521    8.48202    7.83494    6.30254   0.459033   -3.83024 -0.0113544
   44.1403    8.44517    7.80835    6.28876   0.454343   -3.82129 -0.0115723
   44.0204    8.41506    7.78058     6.2743   0.450089   -3.81127 -0.0117723
   43.8952    8.38978    7.75223    6.25899   0.446163   -3.80065 -0.0119536
   43.7655    8.36448    7.72332    6.24126    0.44234   -3.78954 -0.0121238
   43.6322    8.33763    7.69395    6.22092   0.438538   -3.77805 -0.0122858
    43.496    8.30862    7.66421    6.19806   0.434718   -3.76628 -0.0124415
   43.3574    8.27716    7.63415    6.17289   0.430858   -3.75427 -0.0125925
   43.2168    8.24325    7.60381    6.14565   0.426951   -3.74208 -0.0127398
   43.0746    8.20703    7.57321    6.11662   0.422996   -3.72973 -0.0128844
   42.9309    8.16868    7.54238    6.08604   0.418996   -3.71724 -0.0130267
   42.7859    8.12841    7.51132    6.05415   0.414958   -3.70462 -0.0131672
   42.6398    8.08642    7.48004    6.02112   0.410887   -3.69188 -0.0133063
   42.4926    8.04288    7.44855    5.98712   0.406789   -3.67903 -0.0134441
   42.3444    7.99794    7.41685     5.9523   0.402668   -3.66607 -0.0135808
   42.1953    7.95174    7.38494    5.91676    0.39853   -3.65301 -0.0137166
   42.0453    7.90438    7.35283    5.88059   0.394378   -3.63984 -0.0138515
   41.8945    7.85596    7.32052    5.84387   0.390217   -3.62658 -0.0139857
   41.7428    7.80654      7.288    5.80667   0.386049   -3.61322 -0.0141191
   41.5904    7.75619    7.25529    5.76902   0.381877   -3.59976 -0.0142518
   41.4372    7.70495    7.22239    5.73097   0.377702    -3.5862 -0.0143838
   41.2833    7.65287    7.18928    5.69254   0.373527   -3.57254 -0.0145151
   41.1286    7.59995    7.15599    5.65377   0.369353   -3.55879 -0.0146458
   40.9732    7.54624     7.1225    5.61468   0.365182   -3.54494 -0.0147758
   40.8171    7.49174    7.08882    5.57527   0.361014   -3.53099 -0.0149052
   40.6603    7.43647    7.05495    5.53556   0.356849   -3.51694 -0.0150339
   40.5028    7.38042     7.0209    5.49557    0.35269   -3.50279 -0.0151619
   40.3446    7.32362    6.98667    5.45529   0.348537   -3.48854 -0.0152893
  40.1858   7.26605   6.95225   5.41473  0.344389   -3.4742 -0.015416
   40.0263    7.20727    6.91765    5.37354   0.340189   -3.45979 -0.0155448
   39.8664    7.14728    6.88295    5.33186   0.335957   -3.44533 -0.0156737
    39.706     7.0846    6.84807    5.28914   0.331663   -3.43074 -0.0158036
   39.5443    7.02497    6.81291    5.24806   0.327622   -3.41595 -0.0159247
   39.3821    6.96433    6.77758    5.20659   0.323571   -3.40107 -0.0160458
   39.2192    6.90273    6.74209    5.16475   0.319514   -3.38609 -0.0161666
  39.0557    6.8402   6.70644   5.12256  0.315455  -3.37103 -0.016287
   38.8917    6.77678    6.67063    5.08006   0.311397   -3.35587 -0.0164071
   38.7271    6.71248    6.63466    5.03725   0.307342   -3.34061 -0.0165266
   38.5619    6.64731    6.59853    4.99414   0.303291   -3.32525 -0.0166455
